0.125 2.01941834734442
0.25 1.28802251515743
0.375 0.863073973346876
0.5 0.572364934570578
0.625 0.360829487661416
0.75 0.203280944091058
0.875 0.0858587003364458
1 -1.09350976051914E-08
1.125 -0.0600231943354142
1.25 -0.0982718459624626
1.375 -0.11775527966485
1.5 -0.120782245989367
1.625 -0.109174141584319
1.75 -0.0844011283607229
1.875 -0.0476726922880768
2 -1.09350976051914E-08
2.125 0.0577598413209692
2.25 0.124871705351747
2.375 0.200698451453684
2.5 0.284682862118797
2.625 0.376333674197382
2.75 0.4752146595747
2.875 0.580935967134297
3 0.693147169624848
3.125 0.811531643697349
3.25 0.935801921568076
3.375 1.06569588894029
3.5 1.20097359399295
3.625 1.34141457024097
3.75 1.48681557125318
3.875 1.63698864138361
4 1.79175945829296
4.125 1.95096592688571
4.25 2.11445691790972
4.375 2.28209121326478
4.5 2.45373656248832
4.625 2.62926885854761
4.75 2.8085714112355
4.875 2.99153430418892
5 3.17805381941285
5.125 3.36803194667236
5.25 3.56137590084605
5.375 3.75799773307436
5.5 3.95781395926459
5.625 4.160745229512
5.75 4.36671602928205
5.875 4.57565440863873
6 4.78749173184695
6.125 5.00216247169683
6.25 5.21960397744958
6.375 5.43975630708809
6.5 5.66256205150302
6.625 5.88796617760248
6.75 6.11591588409131
6.875 6.34636046866895
7 6.579251201075
7.125 6.81454122812762
7.25 7.05218544119789
7.375 7.29214039813258
7.5 7.53436422840461
7.625 7.77881654947477
7.75 8.02545838897575
7.875 8.27425211222159
8 8.52516135013032
8.125 8.77815095428234
8.25 9.03318691006447
8.375 9.29023630035846
8.5 9.54926724894688
8.625 9.81024887196824
8.75 10.073151232341
8.875 10.3379452969333
9 10.6046028918102
9.125 10.8730966824981
9.25 11.1434001104111
9.375 11.4154873780696
9.5 11.6893334124431
9.625 11.9649138348857
9.75 12.2422049327105
9.875 12.5211836322948
10 12.8018274736111
