101 0.0158101914413631
101.058 0.0158837601045197
101.116 0.0159578431613456
101.174 0.0160324454157298
101.232 0.0161075717277382
101.29 0.016183227014403
101.348 0.0162594162505253
101.406 0.0163361444694914
101.464 0.0164134167641016
101.522 0.0164912382874136
101.58 0.0165696142535996
101.638 0.0166485499388174
101.696 0.0167280506820962
101.754 0.0168081218862375
101.812 0.0168887690187305
101.87 0.0169699976126831
101.928 0.0170518132677688
101.986 0.0171342216511896
102.044 0.0172172284986544
102.102 0.0173008396153749
102.16 0.0173850608770777
102.218 0.0174698982310348
102.276 0.0175553576971097
102.334 0.0176414453688235
102.392 0.0177281674144379
102.45 0.0178155300780572
102.508 0.0179035396807497
102.566 0.017992202621688
102.624 0.0180815253793087
102.682 0.0181715145124935
102.74 0.0182621766617694
102.798 0.0183535185505311
102.856 0.0184455469862834
102.914 0.0185382688619069
102.972 0.0186316911569449
103.03 0.0187258209389133
103.088 0.0188206653646336
103.146 0.0189162316815897
103.204 0.0190125272293083
103.262 0.0191095594407646
103.32 0.0192073358438127
103.378 0.019305864062641
103.436 0.0194051518192549
103.494 0.0195052069349852
103.552 0.0196060373320244
103.61 0.0197076510349899
103.668 0.0198100561725164
103.726 0.0199132609788767
103.784 0.0200172737956322
103.842 0.0201221030733138
103.9 0.0202277573731328
103.958 0.020334245368724
104.016 0.0204415758479207
104.074 0.0205497577145621
104.132 0.0206587999903345
104.19 0.0207687118166464
104.248 0.0208795024565389
104.306 0.0209911812966312
104.364 0.0211037578491029
104.422 0.021217241753713
104.48 0.0213316427798574
104.538 0.0214469708286647
104.596 0.0215632359351322
104.654 0.0216804482703014
104.712 0.021798618143476
104.77 0.0219177560044814
104.828 0.0220378724459673
104.886 0.022158978205755
104.944 0.0222810841692295
105.002 0.0224042013717771
105.06 0.0225283410012713
105.118 0.0226535144006055
105.176 0.0227797330702761
105.234 0.0229070086710149
105.292 0.0230353530264736
105.35 0.0231647781259603
105.408 0.0232952961272304
105.466 0.0234269193593319
105.524 0.0235596603255069
105.582 0.0236935317061512
105.64 0.0238285463618316
105.698 0.0239647173363644
105.756 0.0241020578599545
105.814 0.024240581352398
105.872 0.0243803014263485
105.93 0.0245212318906498
105.988 0.0246633867537357
106.046 0.0248067802270984
106.104 0.0249514267288275
106.162 0.0250973408872215
106.22 0.0252445375444725
106.278 0.0253930317604268
106.336 0.0255428388164226
106.394 0.0256939742192069
106.452 0.0258464537049332
106.51 0.0260002932432426
106.568 0.0261555090414289
106.626 0.0263121175486912
106.684 0.0264701354604754
106.742 0.0266295797229069
106.8 0.0267904675373156
106.858 0.026952816364858
106.916 0.0271166439312358
106.974 0.0272819682315154
107.032 0.0274488075350495
107.09 0.0276171803905048
107.148 0.027787105630996
107.206 0.0279586023793313
107.264 0.0281316900533705
107.322 0.0283063883714993
107.38 0.0284827173582215
107.438 0.0286606973498738
107.496 0.0288403490004651
107.554 0.0290216932876428
107.612 0.0292047515187915
107.67 0.029389545337265
107.728 0.029576096728756
107.786 0.0297644280278079
107.844 0.0299545619244703
107.902 0.0301465214711037
107.96 0.030340330089336
108.018 0.0305360115771756
108.076 0.0307335901162841
108.134 0.0309330902794141
108.192 0.0311345370380144
108.25 0.0313379557700094
108.308 0.0315433722677552
108.366 0.0317508127461778
108.424 0.0319603038510981
108.482 0.032171872667749
108.54 0.0323855467294893
108.598 0.0326013540267187
108.656 0.0328193230160017
108.714 0.033039482629403
108.772 0.0332618622840422
108.83 0.0334864918918731
108.888 0.0337134018696929
108.946 0.0339426231493885
109.004 0.0341741871884259
109.062 0.0344081259805892
109.12 0.0346444720669765
109.178 0.0348832585472585
109.236 0.0351245190912092
109.294 0.0353682879505133
109.352 0.0356145999708614
109.41 0.0358634906043368
109.468 0.0361149959221066
109.526 0.0363691526274216
109.584 0.0366259980689368
109.642 0.0368855702543582
109.7 0.0371479078644292
109.758 0.0374130502672622
109.816 0.0376810375330282
109.874 0.0379519104490123
109.932 0.0382257105350482
109.99 0.0385024800593392
110.048 0.0387822620546806
110.106 0.0390651003350916
110.164 0.0393510395128715
110.222 0.0396401250160903
110.28 0.0399324031065279
110.338 0.0402279208980741
110.396 0.0405267263756043
110.454 0.0408288684143427
110.512 0.0411343967997296
110.57 0.0414433622478074
110.628 0.0417558164261399
110.686 0.0420718119752807
110.744 0.0423914025308092
110.802 0.04271464274595
110.86 0.0430415883147923
110.918 0.0433722959961297
110.976 0.0437068236379384
111.034 0.0440452302025129
111.092 0.0443875757922803
111.15 0.0447339216763137
111.208 0.0450843303175661
111.266 0.0454388654008485
111.324 0.0457975918615734
111.382 0.0461605759152899
111.44 0.0465278850880335
111.498 0.0468995882475186
111.556 0.0472757556351964
111.614 0.0476564588992118
111.672 0.0480417711282817
111.73 0.0484317668865294
111.788 0.0488265222493023
111.846 0.0492261148400076
111.904 0.0496306238679963
111.962 0.0500401301675331
112.02 0.0504547162378834
112.078 0.0508744662845591
112.136 0.0512994662617571
112.194 0.051729803916033
112.252 0.0521655688312497
112.31 0.0526068524748443
112.368 0.0530537482454561
112.426 0.0535063515219648
112.484 0.0539647597139821
112.542 0.0544290723138505
112.6 0.0548993909501974
112.658 0.0553758194431008
112.716 0.0558584638609187
112.774 0.0563474325788434
112.832 0.056842836339237
112.89 0.057344788313814
112.948 0.0578534041677312
113.006 0.0583688021256567
113.064 0.0588911030398849
113.122 0.0594204304605702
113.18 0.0599569107081561
113.238 0.060500672948078
113.296 0.061051849267821
113.354 0.0616105747564175
113.412 0.0621769875864736
113.47 0.0627512290988167
113.528 0.0633334438898599
113.586 0.0639237799017817
113.644 0.0645223885156282
113.702 0.0651294246474419
113.76 0.0657450468475349
113.818 0.066369417403018
113.876 0.0670027024437154
113.934 0.0676450720515853
113.992 0.0682967003737869
114.05 0.068957765739525
114.108 0.0696284507808251
114.166 0.0703089425573828
114.224 0.0709994326856507
114.282 0.0717001174723231
114.34 0.0724111980523942
114.398 0.0731328805319646
114.456 0.0738653761359885
114.514 0.0746089013611515
114.572 0.0753636781340888
114.63 0.0761299339751514
114.688 0.07690790216795
114.746 0.0776978219349025
114.804 0.0784999386190356
114.862 0.0793145038722889
114.92 0.0801417758505955
114.978 0.0809820194160086
115.036 0.081835506346177
115.094 0.0827025155514632
115.152 0.0835833333000356
115.21 0.0844782534512581
115.268 0.0853875776977379
115.326 0.0863116158163924
115.384 0.0872506859289224
115.442 0.0882051147720944
115.5 0.0891752379782559
115.558 0.0901614003665273
115.616 0.0911639562451337
115.674 0.0921832697253655
115.732 0.0932197150476814
115.79 0.09427367692049
115.848 0.0953455508721735
115.906 0.0964357436169465
115.964 0.097544673435174
116.022 0.0986727705688021
116.08 0.0998204776325843
116.138 0.100988250041835
116.196 0.102176556457459
116.254 0.103385879249067
116.312 0.104616714977009
116.37 0.105869574894218
116.428 0.107144985468783
116.486 0.108443488928254
116.544 0.109765643826685
116.602 0.111112025635527
116.66 0.112483227359501
116.718 0.113879860178672
116.776 0.115302554117991
116.834 0.116751958745652
116.892 0.118228743901688
116.95 0.119733600458297
117.008 0.121267241113477
117.066 0.122830401219658
117.124 0.124423839649066
117.182 0.126048339697714
117.24 0.12770471002996
117.298 0.129393785665754
117.356 0.131116429012734
117.414 0.132873530945544
117.472 0.134666011934815
117.53 0.136494823228442
117.588 0.138360948087915
117.646 0.140265403082648
117.704 0.142209239445401
117.762 0.144193544492114
117.82 0.146219443109642
117.878 0.148288099315092
117.936 0.150400717890727
117.994 0.152558546098599
118.052 0.154762875479374
118.11 0.157015043740059
118.168 0.159316436735663
118.226 0.161668490550128
118.284 0.164072693682222
118.342 0.166530589342424
118.4 0.169043777867265
118.458 0.171613919257964
118.516 0.174242735850688
118.574 0.176932015126217
118.632 0.179683612667328
118.69 0.182499455272781
118.748 0.185381544237357
118.806 0.188331958808065
118.864 0.191352859827334
118.922 0.194446493574705
118.98 0.197615195819406
119.038 0.200861396096988
119.096 0.204187622224179
119.154 0.207596505067078
119.212 0.211090783578921
119.27 0.214673310124789
119.328 0.218347056111906
119.386 0.222115117945505
119.444 0.225980723331754
119.502 0.229947237950757
119.56 0.234018172524429
119.618 0.238197190305825
119.676 0.242488115018595
119.734 0.24689493927734
119.792 0.251421833522053
119.85 0.256073155502378
119.908 0.260853460350173
119.966 0.265767511281922
120.024 0.270820290975777
120.082 0.276017013671611
120.14 0.281363138046288
120.198 0.286864380920612
120.256 0.292526731858995
120.314 0.298356468727874
120.372 0.304360174284341
120.43 0.310544753872428
120.488 0.316917454310945
120.546 0.323485884063856
120.604 0.330258034791889
120.662 0.337242304392572
120.72 0.344447521645074
120.778 0.351882972586403
120.836 0.359558428756511
120.894 0.367484177462049
120.952 0.375671054221792
121.01 0.3841304775713
121.068 0.39287448642038
121.126 0.401915780174529
121.184 0.411267761850692
121.242 0.420944584438992
121.3 0.430961200785214
121.358 0.441333417294596
121.416 0.452077951785437
121.474 0.463212495852251
121.532 0.474755782132064
121.59 0.486727656905261
121.648 0.499149158503521
121.706 0.512042602043175
121.764 0.525431671052321
121.822 0.539341516615549
121.88 0.553798864720858
121.938 0.568832132560695
121.996 0.584471554612751
122.054 0.600749319407734
122.112 0.617699717980673
122.17 0.635359305100957
122.228 0.653767074484195
122.286 0.672964649307863
122.344 0.692996489482481
122.402 0.713910117272244
122.46 0.735756363014094
122.518 0.758589632852965
122.576 0.782468200593848
122.634 0.807454525968862
122.692 0.833615601829812
122.75 0.86102333300319
122.808 0.889754949784315
122.866 0.919893459298331
122.924 0.951528138215221
122.982 0.984755070568881
123.04 1.01967773468984
123.098 1.05640764350781
123.156 1.09506504270054
123.214 1.13577967134054
123.272 1.17869158979704
123.33 1.22395207965228
123.388 1.27172462024678
123.446 1.32218594611606
123.504 1.37552718894736
123.562 1.43195510666535
123.62 1.49169340072295
123.678 1.55498412045335
123.736 1.62208915021632
123.794 1.69329177076072
123.852 1.76889828036863
123.91 1.84923965348277
123.968 1.93467320407272
124.026 2.02558420723654
124.084 2.12238741456479
124.142 2.22552837549972
124.2 2.33548444696655
124.258 2.45276533533415
124.316 2.57791296643938
124.374 2.71150041891357
124.432 2.85412958121683
124.49 3.00642710152992
124.548 3.16903809037258
124.606 3.34261690797685
124.664 3.52781422359228
124.722 3.72525937710102
124.78 3.93553691531985
124.838 4.15915603545872
124.896 4.39651157801997
124.954 4.64783521931227
125.012 4.91313568928305
125.07 5.19212727748074
125.128 5.48414670625434
125.186 5.78805977836159
125.244 6.10216117101318
125.302 6.42407342443309
125.36 6.75065451521672
125.418 7.0779271554485
125.476 7.40104654591791
125.534 7.71432577977368
125.592 8.01133812961038
125.65 8.2851115986138
125.708 8.52842222331678
125.766 8.73417849705235
125.824 8.89587139708775
125.882 9.00804626819379
125.94 9.06673918978725
125.998 9.06981651693415
126.056 9.01716524129611
126.114 8.91070321971192
126.172 8.75420757639402
126.23 8.55298928260682
126.288 8.31346447579795
126.346 8.04268350220173
126.404 7.7478760437741
126.462 7.43605789639356
126.52 7.11372698232928
126.578 6.78665805389001
126.636 6.45979090658756
126.694 6.13719743753059
126.752 5.8221085235931
126.81 5.51698137378687
126.868 5.22359028053869
126.926 4.94312721290171
126.984 4.67630246200218
127.042 4.423438953537
127.1 4.18455659656193
127.158 3.95944507864107
127.216 3.74772490980203
127.274 3.54889738366368
127.332 3.36238459673855
127.39 3.18756086613245
127.448 3.02377690834781
127.506 2.8703780597754
127.564 2.72671768320664
127.622 2.59216674755196
127.68 2.4661204103693
127.738 2.34800228631082
127.796 2.23726695476444
127.854 2.13340114864296
127.912 2.03592397310427
127.97 1.94438642644442
128.028 1.85837043344296
128.086 1.77748755188179
128.144 1.70137747372518
128.202 1.62970641166582
128.26 1.56216543778817
128.318 1.49846882260134
128.376 1.43835240852202
128.434 1.3815720411144
128.492 1.32790207327938
128.55 1.27713395153046
128.608 1.229074889034
128.666 1.18354662685125
128.724 1.14038428251384
128.782 1.09943528346347
128.84 1.06055838181907
128.898 1.02362274626237
128.956 0.988507126455498
129.014 0.955099085238666
129.072 0.923294293844811
129.13 0.892995885463952
129.188 0.86411386265924
129.246 0.836564554352482
129.304 0.810270118341745
129.362 0.785158085572
129.42 0.76116094264311
129.478 0.738215749299112
129.536 0.716263787894919
129.594 0.695250242077999
129.652 0.675123902150219
129.71 0.655836894789068
129.768 0.637344435006678
129.826 0.619604598409391
129.884 0.602578111991207
129.942 0.586228161850722
130 0.570520216364661
130.058 0.555421863482619
130.116 0.54090266092716
130.174 0.526933998192831
130.232 0.513488969337116
130.29 0.500542255646658
130.348 0.488070017344611
130.406 0.47604979357942
130.464 0.464460410003248
130.522 0.45328189331001
130.58 0.442495392158641
130.638 0.432083103958155
130.696 0.422028207037038
130.754 0.412314797761293
130.812 0.402927832203531
130.87 0.393853071999888
130.928 0.385077034062827
130.986 0.376586943846507
131.044 0.368370691887068
131.102 0.360416793363874
131.16 0.352714350448996
131.218 0.345253017231859
131.276 0.338022967023578
131.334 0.331014861861734
131.392 0.324219824051003
131.45 0.317629409588588
131.508 0.311235583335523
131.566 0.305030695806199
131.624 0.299007461458598
131.682 0.293158938377154
131.74 0.287478509248581
131.798 0.281959863538908
131.856 0.276596980787031
131.914 0.271384114936719
131.972 0.266315779634932
132.03 0.261386734429866
132.088 0.25659197180713
132.146 0.25192670500716
132.204 0.247386356571177
132.262 0.242966547566898
132.32 0.238663087448859
132.378 0.234471964511459
132.436 0.230389336895906
132.494 0.226411524115046
132.552 0.222534999062616
132.61 0.218756380475898
132.668 0.215072425822884
132.726 0.211480024587121
132.784 0.207976191925293
132.842 0.204558062674296
132.9 0.20122288568617
132.958 0.197968018470764
133.016 0.1947909221273
133.074 0.191689156547382
133.132 0.188660375873074
133.19 0.185702324194784
133.248 0.182812831474747
133.306 0.179989809682776
133.364 0.17723124913184
133.422 0.174535215001861
133.48 0.171899844040814
133.538 0.169323341432982
133.596 0.166803977824811
133.654 0.16434008649942
133.712 0.161930060691428
133.77 0.159572351034212
133.828 0.157265463132267
133.886 0.15500795525172
133.944 0.152798436122559
134.002 0.15063556284645
134.06 0.148518038904437
134.118 0.146444612259144
134.176 0.144414073546418
134.234 0.142425254351672
134.292 0.14047702556643
134.35 0.138568295820879
134.408 0.136698009988458
134.466 0.13486514775874
134.524 0.133068722275092
134.582 0.131307778833793
134.64 0.129581393641476
134.698 0.12788867262794
134.756 0.12622875031156
134.814 0.124600788714627
134.872 0.123003976326184
134.93 0.121437527109965
134.988 0.119900679555243
135.046 0.118392695768489
135.104 0.11691286060385
135.162 0.115460480830573
135.22 0.11403488433561
135.278 0.112635419359705
135.336 0.111261453765392
135.394 0.109912374335386
135.452 0.10858758609994
135.51 0.107286511691817
135.568 0.106008590727599
135.626 0.104753279214107
135.684 0.103520048978794
135.742 0.102308387122989
135.8 0.101117795496987
135.858 0.0999477901959771
135.916 0.0987979010758699
135.974 0.0976676712881526
136.032 0.0965566568329076
136.09 0.095464426129201
136.148 0.0943905596020763
136.206 0.09333464928542
136.264 0.09229629844002
136.322 0.0912751211861454
136.38 0.0902707421500339
136.438 0.0892827961236828
136.496 0.0883109277373805
136.554 0.0873547911444383
136.612 0.0864140497176019
136.67 0.0854883757566608
136.728 0.0845774502067839
136.786 0.0836809623871303
136.844 0.0827986097293208
136.902 0.0819300975253554
136.96 0.0810751386845943
137.018 0.0802334534994336
137.076 0.0794047694193182
137.134 0.0785888208327623
137.192 0.0777853488570532
137.25 0.0769941011353266
137.308 0.0762148316407297
137.366 0.075447300487384
137.424 0.0746912737478825
137.482 0.0739465232770674
137.54 0.0732128265418374
137.598 0.0724899664567582
137.656 0.0717777312252463
137.714 0.0710759141861126
137.772 0.0703843136652628
137.83 0.0697027328323569
137.888 0.0690309795622379
137.946 0.0683688663009543
138.004 0.0677162099361966
138.062 0.0670728316719906
138.12 0.0664385569074839
138.178 0.0658132151196736
138.236 0.0651966397499339
138.294 0.0645886680941996
138.352 0.0639891411966736
138.41 0.0633979037469321
138.468 0.0628148039802982
138.526 0.0622396935813751
138.584 0.0616724275906148
138.642 0.0611128643138238
138.7 0.0605608652344937
138.758 0.06001629492886
138.816 0.0594790209835934
138.874 0.0589489139160266
138.932 0.0584258470968338
138.99 0.0579096966750742
139.048 0.0574003415055152
139.106 0.0568976630781622
139.164 0.0564015454499141
139.222 0.0559118751782734
139.28 0.0554285412570419
139.338 0.0549514350539319
139.396 0.05448045025003
139.454 0.054015482781052
139.512 0.0535564307803246
139.57 0.053103194523441
139.628 0.0526556763745321
139.686 0.0522137807340994
139.744 0.0517774139883602
139.802 0.051346484460052
139.86 0.0509209023606518
139.918 0.0505005797439624
139.976 0.0500854304610202
140.034 0.0496753701162843
140.092 0.0492703160250632
140.15 0.0488701871721412
140.208 0.048474904171565
140.266 0.048084389227553
140.324 0.0476985660964936
140.382 0.0473173600499966
140.44 0.0469406978389641
140.498 0.0465685076586509
140.556 0.0462007191146811
140.614 0.0458372631899929
140.672 0.0454780722126827
140.73 0.0451230798247183
140.788 0.0447722209514983
140.846 0.0444254317722294
140.904 0.0440826496910955
140.962 0.0437438133091981
141.02 0.043408862397241
141.078 0.0430777378689393
141.136 0.0427503817551288
141.194 0.0424267371785568
141.252 0.0421067483293335
141.31 0.0417903604410218
141.368 0.0414775197673514
141.426 0.0411681735595337
141.484 0.0408622700441633
141.542 0.0405597584016884
141.6 0.04026058874543
141.658 0.0399647121011401
141.716 0.0396720803870776
141.774 0.0393826463945898
141.832 0.0390963637691845
141.89 0.0388131869920781
141.948 0.0385330713622067
142.006 0.0382559729786866
142.064 0.037981848723711
142.122 0.0377106562458719
142.18 0.037442353943894
142.238 0.0371769009507692
142.296 0.0369142571182808
142.354 0.0366543830019067
142.412 0.0363972398460901
142.47 0.0361427895698691
142.528 0.0358909947528527
142.586 0.0356418186215372
142.644 0.0353952250359508
142.702 0.0351511784766177
142.76 0.0349096440318349
142.818 0.0346705873852512
142.876 0.0344339748037413
142.934 0.0341997731255665
142.992 0.0339679497488142
143.05 0.0337384726201098
143.108 0.0335113102235923
143.166 0.0332864315701472
143.224 0.0330638061868902
143.282 0.0328434041068945
143.34 0.0326251958591558
143.398 0.0324091524587882
143.456 0.0321952453974448
143.514 0.0319834466339586
143.572 0.0317737285851959
143.63 0.0315660641171184
143.688 0.0313604265360472
143.746 0.0311567895801247
143.804 0.030955127410969
143.862 0.0307554146055148
143.92 0.0305576261480373
143.978 0.0303617374223549
144.036 0.0301677242042038
144.094 0.0299755626537826
144.152 0.0297852293084613
144.21 0.0295967010756514
144.268 0.029409955225832
144.326 0.0292249693857288
144.384 0.0290417215316417
144.442 0.028860189982919
144.5 0.0286803533955705
144.558 0.0285021907560212
144.616 0.0283256813749988
144.674 0.0281508048815519
144.732 0.0279775412171975
144.79 0.0278058706301928
144.848 0.0276357736699292
144.906 0.0274672311814456
144.964 0.0273002243000571
145.022 0.0271347344460985
145.08 0.0269707433197766
145.138 0.0268082328961319
145.196 0.0266471854201056
145.254 0.0264875834017083
145.312 0.0263294096112906
145.37 0.0261726470749115
145.428 0.0260172790698014
145.486 0.0258632891199201
145.544 0.0257106609916054
145.602 0.0255593786893109
145.66 0.0254094264514311
145.718 0.0252607887462112
145.776 0.0251134502677406
145.834 0.0249673959320269
145.892 0.0248226108731498
145.95 0.024679080439492
146.008 0.0245367901900464
146.066 0.0243957258907964
146.124 0.0242558735111694
146.182 0.0241172192205601
146.24 0.023979749384924
146.298 0.0238434505634368
146.356 0.023708309505221
146.414 0.0235743131461367
146.472 0.0234414486056351
146.53 0.023309703183674
146.588 0.0231790643576933
146.646 0.0230495197796493
146.704 0.0229210572731072
146.762 0.0227936648303889
146.82 0.0226673306097771
146.878 0.0225420429327722
146.936 0.0224177902814028
146.994 0.0222945612955868
147.052 0.0221723447705437
147.11 0.0220511296542556
147.168 0.0219309050449775
147.226 0.0218116601887931
147.284 0.0216933844772182
147.342 0.0215760674448489
147.4 0.0214596987670539
147.458 0.0213442682577101
147.516 0.0212297658669802
147.574 0.0211161816791328
147.632 0.0210035059104018
147.69 0.0208917289068864
147.748 0.0207808411424894
147.806 0.0206708332168941
147.864 0.0205616958535776
147.922 0.020453419897862
147.98 0.0203459963149993
148.038 0.0202394161882932
148.096 0.0201336707172541
148.154 0.0200287512157876
148.212 0.0199246491104163
148.27 0.0198213559385333
148.328 0.0197188633466875
148.386 0.0196171630888996
148.444 0.0195162470250083
148.502 0.0194161071190463
148.56 0.0193167354376449
148.618 0.0192181241484672
148.676 0.0191202655186692
148.734 0.0190231519133884
148.792 0.0189267757942583
148.85 0.0188311297179499
148.908 0.0187362063347383
148.966 0.0186419983870951
149.024 0.0185484987083046
149.082 0.0184557002211044
149.14 0.0183635959363504
149.198 0.0182721789517037
149.256 0.0181814424503415
149.314 0.0180913796996894
149.372 0.0180019840501757
149.43 0.0179132489340077
149.488 0.0178251678639683
149.546 0.0177377344322334
149.604 0.0176509423092096
149.662 0.0175647852423917
149.72 0.0174792570552396
149.778 0.0173943516460737
149.836 0.0173100629869902
149.894 0.0172263851227933
149.952 0.0171433121699463
150.01 0.0170608383155398
150.068 0.0169789578162777
150.126 0.0168976649974795
150.184 0.0168169542520999
150.242 0.0167368200397637
150.3 0.0166572568858182
150.358 0.0165782593803999
150.416 0.0164998221775172
150.474 0.0164219399941482
150.532 0.0163446076093534
150.59 0.0162678198634026
150.648 0.0161915716569165
150.706 0.0161158579500218
150.764 0.016040673761521
150.822 0.0159660141680743
150.88 0.0158918743033958
150.938 0.0158182493574627
150.996 0.0157451345757363
151.054 0.015672525258397
151.112 0.01560041675959
151.17 0.0155288044866843
151.228 0.0154576838995431
151.286 0.0153870505098056
151.344 0.0153168998801807
151.402 0.0152472276237516
151.46 0.0151780294032913
151.518 0.0151093009305894
151.576 0.0150410379657892
151.634 0.0149732363167348
151.692 0.0149058918383298
151.75 0.0148390004319041
151.808 0.0147725580445924
151.866 0.0147065606687213
151.924 0.0146410043412064
151.982 0.0145758851429586
152.04 0.0145111991982996
152.098 0.0144469426743863
152.156 0.0143831117806448
152.214 0.0143197027682118
152.272 0.0142567119293857
152.33 0.0141941355970861
152.388 0.0141319701443204
152.446 0.0140702119836599
152.504 0.0140088575667233
152.562 0.0139479033836678
152.62 0.0138873459626884
152.678 0.0138271818695244
152.736 0.0137674077069734
152.794 0.013708020114413
152.852 0.0136490157673293
152.91 0.0135903913768525
152.968 0.0135321436892992
153.026 0.0134742694857227
153.084 0.0134167655814682
153.142 0.0133596288257362
153.2 0.0133028561011516
153.258 0.0132464443233389
153.316 0.013190390440505
153.374 0.0131346914330261
153.432 0.0130793443130429
153.49 0.01302434612406
153.548 0.012969693940552
153.606 0.0129153848675753
153.664 0.0128614160403853
153.722 0.0128077846240596
153.78 0.0127544878131261
153.838 0.0127015228311969
153.896 0.0126488869306075
153.954 0.0125965773920611
154.012 0.0125445915242779
154.07 0.0124929266636498
154.128 0.0124415801738993
154.186 0.0123905494457448
154.244 0.0123398318965686
154.302 0.0122894249700916
154.36 0.0122393261360513
154.418 0.0121895328898849
154.476 0.012140042752417
154.534 0.0120908532695516
154.592 0.012041962011968
154.65 0.0119933665748219
154.708 0.0119450645774498
154.766 0.0118970536630782
154.824 0.0118493314985366
154.882 0.0118018957739743
154.94 0.0117547442025817
154.998 0.0117078745203149
155.056 0.0116612844856245
155.114 0.0116149718791881
155.172 0.0115689345036464
155.23 0.0115231701833431
155.288 0.0114776767640678
155.346 0.011432452112804
155.404 0.0113874941174781
155.462 0.0113428006867145
155.52 0.0112983697495919
155.578 0.0112541992554041
155.636 0.0112102871734241
155.694 0.0111666314926704
155.752 0.0111232302216777
155.81 0.01108008138827
155.868 0.0110371830393367
155.926 0.0109945332406123
155.984 0.0109521300764584
156.042 0.0109099716496492
156.1 0.0108680560811596
156.158 0.0108263815099557
156.216 0.0107849460927894
156.274 0.010743748003994
156.332 0.010702785435284
156.39 0.010662056595557
156.448 0.0106215597106979
156.506 0.010581293023386
156.564 0.0105412547929051
156.622 0.0105014432949551
156.68 0.0104618568214672
156.738 0.0104224936804204
156.796 0.0103833521956613
156.854 0.0103444307067261
156.912 0.0103057275686643
156.97 0.0102672411518656
157.028 0.0102289698418884
157.086 0.0101909120392906
157.144 0.0101530661594632
157.202 0.0101154306324652
157.26 0.010078003902861
157.318 0.0100407844295604
157.376 0.0100037706856596
157.434 0.00996696115828527
157.492 0.00993035434843987
157.55 0.00989394877084948
157.608 0.00985774295381335
157.666 0.00982173543905522
157.724 0.00978592478157684
157.782 0.00975030954951315
157.84 0.00971488832398936
157.898 0.00967965969897987
157.956 0.00964462228116885
158.014 0.00960977468981281
158.072 0.0095751155566046
158.13 0.00954064352553938
158.188 0.00950635725278218
158.246 0.00947225540653705
158.304 0.009438336666918
158.362 0.00940459972582136
158.42 0.0093710432867999
158.478 0.00933766606493847
158.536 0.00930446678673111
158.594 0.00927144418995975
158.652 0.00923859702357444
158.71 0.00920592404757494
158.768 0.00917342403289401
158.826 0.00914109576128178
158.884 0.00910893802519186
158.942 0.00907694962766875
