-1 0.35322690848236
-0.948717948717949 0.348779906692644
-0.897435897435897 0.312645360757733
-0.846153846153846 0.242145363040265
-0.794871794871795 0.137681696438155
-0.743589743589744 0.00319830201248064
-0.692307692307692 -0.153708434915792
-0.641025641025641 -0.322096697626628
-0.58974358974359 -0.48842112628443
-0.538461538461538 -0.637670950937223
-0.487179487179487 -0.754808261520216
-0.435897435897436 -0.826360017340558
-0.384615384615385 -0.841982533134701
-0.333333333333333 -0.795804378724626
-0.282051282051282 -0.687366704062677
-0.230769230769231 -0.522019069205163
-0.17948717948718 -0.310690045407545
-0.128205128205128 -0.0690276458828499
-0.0769230769230769 0.184015121193471
-0.0256410256410257 0.428000936773173
0.0256410256410255 0.643030729447553
0.0769230769230769 0.811734080526867
0.128205128205128 0.920994567964933
0.17948717948718 0.963209258165303
0.230769230769231 0.936940276452414
0.282051282051282 0.846893385529293
0.333333333333333 0.703242819526761
0.384615384615385 0.520401397810632
0.435897435897436 0.315399256183473
0.487179487179487 0.106075053463557
0.538461538461539 -0.0907043145740833
0.58974358974359 -0.260595873925886
0.641025641025641 -0.392946083128939
0.692307692307692 -0.481469748837828
0.743589743589744 -0.524409218616143
0.794871794871795 -0.524206078605789
0.846153846153846 -0.486772776085891
0.897435897435897 -0.420490145298332
0.948717948717949 -0.335075255655689
1 -0.240462049968584
