-1 0.389585176564993 -0.65535873650399 0 0.310059657369808 -0.787580905821673 0 0.181259245333403 -3.71575707797454 0
-0.97979797979798 0.375467276845867 -0.744234609751429 0.00773082470883209 0.293497205235546 -0.852874317265188 0.00609875416305586 0.117800745426251 -2.43549024204657 0.00297675738553662
-0.95959595959596 0.359434443344606 -0.845081674438026 0.0151575037843476 0.275566197956658 -0.92320239339092 0.0118492607424932 0.0849339869790644 -0.84623336645124 0.00497002814831196
-0.939393939393939 0.34123665638175 -0.958678377024788 0.0222388527605185 0.256156624245884 -0.999392856039883 0.0172227891088368 0.0800020902300611 0.2272232348384 0.00659937043516755
-0.919191919191919 0.320610309646882 -1.08557851120698 0.0289284913943716 0.235141544364571 -1.08228587422576 0.0221882156190691 0.0884635368726638 0.480400500119102 0.00829258162293366
-0.898989898989899 0.297283553354426 -1.22603029968956 0.0351746204065822 0.212377371800082 -1.17267897270828 0.0267116825992439 0.0953155521805989 0.130572675645029 0.010161074337735
-0.878787878787879 0.270983339591676 -1.37988924140791 0.0409199231458812 0.18770540678546 -1.27125828396824 0.0307562751973692 0.0923390803265483 -0.432436569626177 0.012075876810323
-0.858585858585858 0.241444265459682 -1.54652789444594 0.0461016276384596 0.160954888234038 -1.37851725434973 0.0342817441266406 0.0782404570938424 -0.943408994679083 0.013816316955558
-0.838383838383838 0.208419235448164 -1.72474676791687 0.0506517656999425 0.131947796282134 -1.49466512133498 0.0372443073981904 0.0551028673809941 -1.32708806962404 0.015176243423454
-0.818181818181818 0.171691870184688 -1.91269147538717 0.054497665301472 0.100505577657378 -1.61952879420232 0.0395965682722679 0.0252559761736213 -1.61684074256204 0.0159977713111404
-0.797979797979798 0.131090475488338 -2.10778218124221 0.0575627097959308 0.0664578791588792 -1.75245310700139 0.0412875893033307 -0.00995244100675341 -1.86541970017696 0.0161607886208476
-0.777777777777778 0.0865032564449117 -2.30666206140979 0.0597673925696899 0.0296532612984899 -1.8922056602662 0.0422631629761773 -0.0500581965733457 -2.10480261169762 0.0155627580565336
-0.757575757575757 0.0378943207770644 -2.50517190534562 0.0610306879111375 -0.0100282723203203 -2.03689349845962 0.0424663175222045 -0.0949908037078063 -2.34306790397661 0.0141057246264273
-0.737373737373737 -0.0146801291546235 -2.69835800949546 0.0612717482174742 -0.0526612482686677 -2.18389954801811 0.0418380916511692 -0.144673177724323 -2.57300772281674 0.0116927053172722
-0.717171717171717 -0.0710561571428523 -2.88052006084161 0.060411924089518 -0.09825968055677 -2.32984693419825 0.0403186038623408 -0.19879499729652 -2.77972581184641 0.0082303707052922
-0.696969696969697 -0.130947874290759 -3.04530470268798 0.0583770875775632 -0.146761654251833 -2.47059889006672 0.0378484306346136 -0.2567075844758 -2.94519019050381 0.00363497251798754
-0.676767676767676 -0.193935607807963 -3.18584885517415 0.055100220252475 -0.198014323873813 -2.60130088776626 0.0343702933060092 -0.317390850644764 -3.05106148202145 -0.00216039143492738
-0.656565656565656 -0.259457485240496 -3.29497460261356 0.0505242075471063 -0.251760232011874 -2.7164698287599 0.0298310362822198 -0.379469846036291 -3.08088741591522 -0.00919836671393354
-0.636363636363636 -0.326805470383988 -3.36543457144151 0.044604759865933 -0.307625927404285 -2.81013265493886 0.0241838600923894 -0.441272582174961 -3.02200616347124 -0.0174906926181809
-0.616161616161616 -0.395126831370964 -3.39020326882203 0.0373133604721542 -0.365113879407452 -2.87601368395132 0.0173907527449152 -0.500923013219554 -2.86709837894061 -0.027013087719824
-0.595959595959596 -0.463431891144457 -3.36280595360529 0.0286401215368672 -0.423598637139247 -2.90776649845534 0.00942504306918407 -0.556460392585444 -2.61521776638868 -0.03770229798223
-0.575757575757575 -0.530608698515957 -3.27767245469079 0.0185964145589695 -0.482328060494913 -2.8992425643727 0.000273981670528306 -0.605972925447318 -2.27215810192861 -0.0494557231422456
-0.555555555555555 -0.595444961509319 -3.13049919343444 0.00721713132484089 -0.540430255864346 -2.84478520392166 -0.010058759742962 -0.647731553401345 -1.85009766554356 -0.0621337691114299
-0.535353535353535 -0.656657206864451 -2.91859883353199 -0.00543757164033629 -0.596926587028829 -2.73953442240559 -0.0215507901440699 -0.680309518537191 -1.36656215850897 -0.0755647826884766
-0.515151515151515 -0.712926680839642 -2.64121386511663 -0.0192811870215326 -0.650750813173711 -2.57972570359568 -0.0341590259108893 -0.702675164674697 -0.842841791046625 -0.089552149981083
-0.494949494949494 -0.762941005666672 -2.29976846978112 -0.0342005561683178 -0.700774049240806 -2.36296453801862 -0.0478181638145635 -0.714248952231728 -0.302070288324616 -0.103882919641749
-0.474747474747474 -0.805440081202047 -1.89803267139588 -0.0500564559587476 -0.745834872280717 -2.08845835989702 -0.0624397116856417 -0.714920306207927 0.232788613193714 -0.11833717533836
-0.454545454545454 -0.839264209704439 -1.44217449502886 -0.0666851392363494 -0.784773538088671 -1.75718887686343 -0.0779116708363881 -0.705024930625126 0.740802959902876 -0.132697344076635
-0.434343434343434 -0.863401968714638 -0.940679996794163 -0.0839008494179846 -0.816468953827503 -1.37201049922599 -0.0940989400821745 -0.685287496075731 1.20469063001998 -0.146756686677741
-0.414141414141414 -0.877035014170707 -0.404127807595864 -0.101499276176229 -0.839876802201671 -0.937664598191787 -0.110844481181944 -0.656583023810055 1.65341788373047 -0.160325804465414
-0.393939393939393 -0.879576816842915 0.155185754920613 -0.119261860044479 -0.854067055030288 -0.460704398053272 -0.127971251338969 -0.604404585842005 5.05112003867354 -0.173162727387785
-0.373737373737373 -0.870702370520061 0.723763218154142 -0.136960793206846 -0.858259066530137 0.0506689302386496 -0.145284872127674 -0.234090251823066 40.149516760203 -0.182834295697016
-0.353535353535353 -0.850366200926802 1.28754295423953 -0.154364506384137 -0.851852508639597 0.586852414827722 -0.162576968176328 0.705159861319309 13.9115686662176 -0.177390524894247
-0.333333333333333 -0.818806573518352 1.83262148364238 -0.171243383039846 -0.834452601839657 1.13715739560912 -0.179629075566934 -0.73206748141267 -116.9403698702 -0.172653349393334
-0.313131313131312 -0.77653464448694 2.34601274357008 -0.187375407766659 -0.805888394336945 1.69017840675026 -0.196216991526925 -1.55505082545712 41.3516946423097 -0.201724941452937
-0.292929292929292 -0.724308389442827 2.81638530233568 -0.20255144099419 -0.76622322947406 2.23419395447657 -0.212115415576448 -0.583038849516256 29.5135781129634 -0.2226571096182
-0.272727272727272 -0.6630924098392 3.23471210356962 -0.216579821379807 -0.715756986817549 2.75757624177288 -0.227102719348743 -0.324925156700408 4.19326715585978 -0.230993636279764
-0.252525252525252 -0.594006054564508 3.59476687044679 -0.229290032960538 -0.655020151722138 3.24918663459336 -0.240965678658539 -0.263025878518503 2.71668499916109 -0.23689125758767
-0.232323232323232 -0.518263569538909 3.89340804612629 -0.24053523649695 -0.58476022386322 3.69873526472198 -0.253504007157891 -0.208768440352515 2.66120304337874 -0.241655110806673
-0.212121212121211 -0.437111049096282 4.13060565441336 -0.250193550656964 -0.505921380861636 4.09708648148655 -0.264534545442136 -0.155550591797 2.60541336813077 -0.24533320125106
-0.191919191919191 -0.351765654716095 4.30918835104139 -0.258168072860473 -0.419618636910084 4.43649658509563 -0.273894981407597 -0.103563955234991 2.53997857275597 -0.247948292527741
-0.171717171717171 -0.26336275331199 4.43431571601606 -0.264385742852653 -0.327107954287561 4.71077594338095 -0.281447005106197 -0.0529669604996518 2.46829923055256 -0.249526973850432
-0.151515151515151 -0.172916214161115 4.51271191516919 -0.268795263145883 -0.22975386410182 4.91537366085147 -0.287078831995604 -0.00386192691621585 2.39254052420501 -0.250098425836471
-0.131313131313131 -0.0812960584061441 4.55172770210177 -0.271364386804476 -0.128996129408146 5.04738884717108 -0.290707059890698 0.0436815453752381 2.31381447801813 -0.249693529833395
-0.11111111111111 0.0107739765111407 4.55832423983892 -0.272076952195768 -0.0263168485882948 5.10551766141648 -0.292277854703248 0.0896076392176261 2.2324123489527 -0.248344406121383
-0.0909090909090902 0.102698483342044 4.53809026263504 -0.270930075618416 0.0767908303710874 5.08994921688253 -0.291767486134488 0.133860033123348 2.14802833887095 -0.246084287404584
-0.07070707070707 0.193973904927119 4.49441014731833 -0.267931898902235 0.178851504995153 5.00222578640814 -0.289182255276047 0.176371876673867 2.05995567423267 -0.242947636931507
-0.0505050505050498 0.284137707160241 4.42789224690203 -0.26310022776301 0.278433264466241 4.84508339249308 -0.284557870622503 0.217059369625606 1.96724665376032 -0.238970431501448
-0.0303030303030296 0.372709385965428 4.33614386961488 -0.256462291260989 0.374170145612833 4.62228783156591 -0.277958337039866 0.255818202511324 1.86883636267972 -0.234190544043292
-0.0101010101010094 0.459130889188372 4.21394317310025 -0.248055712472871 0.464781338526622 4.33847868128734 -0.269474424183318 0.29252216812597 1.76363498521232 -0.228648175103857
0.0101010101010108 0.542714601476324 4.05381268959177 -0.237930620056141 0.549087400225897 3.99903024071119 -0.259221777722763 0.327023382710707 1.65059618430957 -0.222386295313318
0.030303030303031 0.622606636420242 3.84694964594606 -0.22615266816682 0.62602387354343 3.60993412976022 -0.247338729968594 0.359153713422972 1.52876939494652 -0.215451070651124
0.0505050505050512 0.697771789265761 3.58442118890203 -0.212806588187805 0.694652759952247 3.17770395077703 -0.233983857798386 0.388727158030803 1.39734278405276 -0.207892248939381
0.0707070707070714 0.767004243379055 3.25849469334563 -0.197999788911418 0.754172262567034 2.70929850258982 -0.219333326915031 0.415543040957441 1.25568174374713 -0.199763489864952
0.0909090909090916 0.828965238805944 2.86395024159344 -0.181865467481548 0.80392511199976 2.21205697736873 -0.203578053999783 0.439389966721844 1.10336566599357 -0.191122622727209
0.111111111111112 0.882245744448584 2.39921798545826 -0.16456470082827 0.843405633801957 1.69363768405209 -0.186920713497692 0.460050507094691 0.940223794716094 -0.182031816876541
0.131313131313132 0.925449122673268 1.86719875927032 -0.146287058261837 0.87226553759096 1.16195129904974 -0.169572614352117 0.477306597912578 0.76636940070004 -0.172557650238127
0.151515151515152 0.957286230499281 1.27566045701062 -0.12724940399644 0.890318232099303 0.625080450019868 -0.15175047421089 0.490945594760591 0.582230472893425 -0.16277106203576
0.171717171717172 0.976673699595358 0.637151062700979 -0.107692729857612 0.897541323240781 0.0911794382669452 -0.133673124135976 0.500766893845691 0.38857456573425 -0.152747177270955
0.191919191919193 0.982825504114829 -0.0315745401472798 -0.0878770537658112 0.894076855287538 -0.431649186888282 -0.115558184854766 0.506588974845453 0.186525324269028 -0.142564992901492
0.212121212121213 0.975328444720623 -0.710560283016326 -0.0680746160888786 0.880228823022799 -0.935501052719781 -0.0976187649207819 0.508256674255287 -0.0224315629873984 -0.13230691905207
0.232323232323233 0.954193778684154 -1.37798407913887 -0.0485617807881911 0.856457521675641 -1.41283569927413 -0.0800602404168725 0.505648456788555 -0.236454755420796 -0.122058172888134
0.252525252525253 0.919879696945618 -2.01168358362238 -0.0296101815152957 0.823370409345252 -1.85665471783845 -0.0630771836052704 0.498683422838579 -0.453367128875882 -0.11190602779999
0.272727272727273 0.873282367360398 -2.59071579650019 -0.0114777299897944 0.781709323269096 -2.26068284271895 -0.0468505129036399 0.487327774350882 -0.670689530204495 -0.101938926019951
0.292929292929294 0.815696446149234 -3.09679540644109 0.00559988214063976 0.732334099955745 -2.61954096352695 -0.0315449377174534 0.471600460754387 -0.885688078705116 -0.0922454684368796
0.313131313131314 0.748748919158222 -3.51547680681949 0.0214166055581143 0.676202878787712 -2.92889955358383 -0.0173067683455111 0.451577740832054 -1.09543395217269 -0.082913300876651
0.333333333333334 0.674312532502052 -3.83697950205266 0.035801900670575 0.614349596228108 -3.18560167936193 -0.00426215320575402 0.427396424677102 -1.29687393463558 -0.0740279211897478
0.353535353535354 0.59440666296672 -4.056600739545 0.0486247151952255 0.547859380945589 -3.38774647184858 0.00748420672742252 0.399255600607731 -1.48690943415094 -0.0656714358599131
0.373737373737375 0.511094136524793 -4.17470636886068 0.0597954038258195 0.477842719713987 -3.53472650450229 0.0178498324318124 0.36741670300521 -1.66248122482062 -0.0579212982891224
0.393939393939395 0.426382230065699 -4.19633498901696 0.0692655925075794 0.405409365396245 -3.62721565906556 0.0267747151539603 0.332201836007137 -1.82065684407739 -0.0508490632393049
0.414141414141415 0.342135004065969 -4.130486248127 0.0770261464452651 0.331642993273129 -3.66710745333106 0.0342210434866235 0.293990332060964 -1.95871739521264 -0.04451919298875
0.434343434343435 0.260002417743196 -3.98918820277472 0.0831035290538451 0.257577578522197 -3.65740713203959 0.0401724342640143 0.253213590591084 -2.07424047127439 -0.0389879505172517
0.454545454545455 0.181369629809368 -3.78644938368066 0.0875549288672214 0.184176370160783 -3.60208378957149 0.0446327111006246 0.210348307478166 -2.16517602914798 -0.0343024134549375
0.474747474747476 0.107327755113539 -3.53719904529494 0.0904625785516326 0.112314185022393 -3.50589116268565 0.0476242906304634 0.16590826779019 -2.22991229509815 -0.0304996396611463
0.494949494949496 0.0386653729243245 -3.2563060234247 0.0919276954421734 0.0427635532085442 -3.37416733940567 0.0491862492351386 0.120434929534716 -2.26732916264069 -0.0276060112442962
0.515151515151516 -0.0241215440722857 -2.95774582406663 0.0920644416529952 -0.0238149697094786 -3.21262439600106 0.0493721516279633 0.0744870727282971 -2.27683703214468 -0.0256367787456721
0.535353535353536 -0.08080476977125 -2.65396066478024 0.090994242168487 -0.0868782315567275 -3.02713890075578 0.0482477267744402 0.0286298238253041 -2.25839961606791 -0.0245958212881181
0.555555555555556 -0.131388168050202 -2.35543175822214 0.0888407214447641 -0.146001775036915 -2.82355338797289 0.0458884763043799 -0.0165766109569739 -2.21253986744577 -0.0244756319682389
0.575757575757577 -0.176065525628892 -2.07046018543513 0.0857254332141358 -0.200877303644077 -2.60749744435372 0.042377296143709 -0.0605881595411063 -2.14032885292876 -0.0252575309055805
0.595959595959597 -0.215175892739137 -1.80513441111216 0.0817644736794346 -0.251306789689501 -2.38423513778943 0.0378021841551606 -0.102887704360259 -2.0433580549589 -0.0269121014241671
0.616161616161617 -0.249159870243527 -1.56345001088659 0.0770659925373183 -0.297193806447047 -2.15854334942605 0.0322540959002332 -0.142995184696154 -1.92369622069709 -0.0293998381004244
0.636363636363637 -0.278519511227514 -1.34754072813433 0.0717285543670736 -0.338532735947117 -1.93462333576506 0.0258249980987908 -0.180476684987528 -1.7838324501082 -0.0326719891243054
0.656565656565658 -0.303783660801993 -1.15797898946204 0.0658402575171472 -0.375396529171088 -1.71604572199541 0.0186061558733153 -0.214952252429462 -1.62660770755459 -0.0366715698210999
0.676767676767678 -0.325479739818213 -0.994107380800424 0.0594784891569478 -0.407923680000578 -1.50572725254897 0.0106866762847621 -0.246102235429019 -1.45513733024862 -0.0413345194700507
0.696969696969698 -0.34411226086569 -0.85436894457884 0.0527101823070758 -0.436305024420323 -1.30593610219946 0.00215231775804958 -0.273671989418153 -1.27272737833526 -0.0465909698907682
0.717171717171718 -0.360147794297759 -0.736612098090968 0.0455924408701185 -0.460770899953825 -1.11832144032043 -0.00691543662315819 -0.297474855678715 -1.08278781665846 -0.0523665917600133
0.737373737373738 -0.374005697075478 -0.638354248077083 0.0381734087586945 -0.481579105699085 -0.94396226027653 -0.0164400538478387 -0.317393379625049 -0.888745535192562 -0.0585839833289334
0.757575757575759 -0.386053674409355 -0.556995819377718 0.0304932758133879 -0.49900399918692 -0.783430217103256 -0.0263503934840875 -0.333378794854656 -0.69396010772488 -0.0651640661413178
0.777777777777779 -0.396607143727761 -0.489982787688357 0.0225853332230483 -0.513326960492068 -0.636861312555084 -0.0365809434300696 -0.34544885579544 -0.50164496651071 -0.0720274534634105
0.797979797979799 -0.405931383023023 -0.434920590198716 0.0144770120137679 -0.524828353304496 -0.504031660194566 -0.0470718780031489 -0.353684152779572 -0.314796349220636 -0.0790957593352291
0.818181818181819 -0.414245538163196 -0.389645436904288 0.0061908579097591 -0.53378102225162 -0.384433176456636 -0.0577689691470535 -0.358223087034507 -0.136131972586911 -0.0862928193116726
0.83838383838384 -0.421727704561016 -0.352260712745952 -0.00225458680116079 -0.540445289273741 -0.277345796030504 -0.0686233815324393 -0.359255717992362 0.0319590733225229 -0.0935457979156741
0.85858585858586 -0.428520460363768 -0.321146621304642 -0.0108440095326797 -0.545065351325698 -0.181903625459259 -0.0795913809355659 -0.357016720533337 0.187454211728473 -0.100786162388148
0.87878787878788 -0.434736389947793 -0.294950800509548 -0.0195646659953556 -0.547866937694746 -0.0971532613850717 -0.0906339828335758 -0.3517777048326 0.328722554690815 -0.107950507289088
0.8989898989899 -0.440463283466208 -0.272566661178221 -0.0284058275223584 -0.549056057167669 -0.0221032563906023 -0.10171656498289 -0.34383915638506 0.454537370139982 -0.114981219674993
0.91919191919192 -0.445768822123809 -0.253104939741901 -0.0373583284719337 -0.548818651606436 0.0442356223098558 -0.112808464156936 -0.333522248996852 0.564076304515055 -0.121826979748673
0.939393939393941 -0.450704656398237 -0.235862635018583 -0.0464142022382948 -0.547320971036485 0.102819151486847 -0.123882573480323 -0.321160769909406 0.656910235742107 -0.128443096860722
0.959595959595961 -0.455309855972572 -0.220292266190791 -0.0555663932929458 -0.544710493614367 0.154546821162822 -0.134914953130608 -0.307093374942613 0.732981976626544 -0.134791685370363
0.979797979797981 -0.459613758479968 -0.205973334208299 -0.0648085327735943 -0.541117229236114 0.200246517607813 -0.14588446375606 -0.291656364035867 0.792576318661753 -0.140841689006467
1 -0.463638273338874 -0.19258703008986 -0.074134766008546 -0.536655265605433 0.240665649531845 -0.15677242889721 -0.275177135419077 0.836283094994798 -0.146568765897272
