-0.3 0.952359259407768 0.316999276875938 -1.0044557009087
-0.265236437842527 0.962770017233398 0.28188421222841 -1.01533907329898
-0.230472875685055 0.971953993004616 0.246435648515164 -1.02363581780757
-0.195709313527582 0.979901163497412 0.210744130304338 -1.02931183703807
-0.160945751370109 0.986604671539904 0.174901197027327 -1.0323440337726
-0.126182189212637 0.992060853903657 0.138998996626796 -1.0327205273797
-0.091418627055164 0.99626925564622 0.103129892804733 -1.0304408052503
-0.0566550648976913 0.999232630722092 0.0673860681634826 -1.02551580736937
-0.0218915027402187 1.00095692876005 0.0318591255901599 -1.01796794261123
0.012872059417254 1.00145126798724 -0.00336030972471407 -1.00783103584614
0.0476356215747267 1.00072789436396 -0.0381829852206541 -0.995150205460214
0.0823991837321993 0.998802127077183 -0.072521410434353 -0.979981671415536
0.117162745889672 0.995692290624747 -0.10629023859572 -0.962392494508094
0.151926308047145 0.991419633805054 -0.139406637980152 -0.942460248012762
0.186689870204617 0.986008236009105 -0.171790650694901 -0.920272623432658
0.22145343236209 0.979484901290979 -0.203365536646153 -0.895926972589552
0.256216994519563 0.971879040769914 -0.234058100520047 -0.869529788798063
0.290980556677035 0.963222543990651 -0.263798999714735 -0.841196130354277
0.325744118834508 0.9535496399384 -0.292523031281058 -0.811048990034633
0.360507680991981 0.942896748469968 -0.320169396065594 -0.779218614738954
0.395271243149453 0.931302322982791 -0.346681938400695 -0.745841779818147
0.430034805306926 0.918806685198391 -0.372009359850562 -0.711061022998518
0.464798367464399 0.905451852985505 -0.396105405699036 -0.675023843147041
0.499561929621871 0.891281362190622 -0.418929023052267 -0.637881869412192
0.534325491779344 0.87634008347948 -0.440444489626257 -0.599790006520113
0.569089053936817 0.860674035221787 -0.460621512493713 -0.560905562203506
0.603852616094289 0.844330193473096 -0.47943529627523 -0.521387362888726
0.638616178251762 0.827356300121875 -0.496866580474535 -0.481394863863543
0.673379740409235 0.809800670276528 -0.512901645874839 -0.441087260192944
0.708143302566707 0.791711999966182 -0.527532290131174 -0.400622604642559
0.74290686472418 0.773139175220627 -0.540755772910342 -0.360156938808858
0.777670426881653 0.754131083578817 -0.552574731143794 -0.319843443542649
0.812433989039125 0.734736429052048 -0.562997065167613 -0.279831614588575
0.847197551196598 0.715003551537512 -0.572035796726154 -0.240266469149852
0.881961113354071 0.694980251640502 -0.579708900009903 -0.201287788826276
0.916724675511543 0.674713621819705 -0.586039107082373 -0.163029404067119
0.951488237669016 0.654249884719821 -0.591053689223582 -0.125618524931738
0.986251799826489 0.63363423949985 -0.594784215877716 -0.0891751225628564
1.02101536198396 0.612910716904135 -0.597266293038378 -0.0538113653542532
1.05577892414143 0.592122043757205 -0.598539283035491 -0.0196311133399048
1.09054248629891 0.571309517493137 -0.598646007802177 0.0132705261501274
1.12530604845638 0.550512891256185 -0.597632437797134 0.0448075790261329
1.16006961061385 0.529770270032343 -0.59554736883732 0.0749035191488027
1.19483317277132 0.509118018192021 -0.592442089156636 0.103491515729383
1.2295967349288 0.488590678742728 -0.588370039048481 0.130514612479647
1.26436029708627 0.468220904508233 -0.583386465473223 0.15592583811766
1.29912385924374 0.448039401367747 -0.577548074015857 0.179688248379544
1.33388742140122 0.42807488360598 -0.570912680564553 0.201774900224844
1.36865098355869 0.408354041343029 -0.563538865047673 0.222168759448669
1.40341454571616 0.388901519932596 -0.555485629515814 0.240862543423062
1.43817810787363 0.369739911138737 -0.546812062786935 0.257858501178406
1.47294167003111 0.350889755825624 -0.537577013787709 0.273168133499062
1.50770523218858 0.332369557822362 -0.527838775623568 0.286811856141825
1.54246879434605 0.314195808556235 -0.517654782294802 0.298818609687739
1.57723235650352 0.296383021983249 -0.507081319847555 0.309225419903968
1.611995918661 0.278943779285109 -0.496173253607963 0.318076912820088
1.64675948081847 0.261888782747042 -0.48498377299644 0.325424789009885
1.68152304297594 0.245226918181611 -0.473564155258608 0.33132726181351
1.71628660513341 0.228965325220107 -0.46196354928119 0.335848464434254
1.75105016729089 0.2131094747555 -0.450228780486811 0.339057830998002
1.78581372944836 0.19766325278949 -0.438404177622823 0.341029456771204
1.82057729160583 0.182629049910999 -0.426531422077379 0.34184144279467
1.85534085376331 0.16800785561462 -0.414649420172858 0.341575230205982
1.89010441592078 0.153799356655084 -0.40279419870382 0.34031492949366
1.92486797807825 0.140002038627664 -0.390998823805539 0.338146649852359
1.95963154023572 0.126613289964543 -0.379293343061397 0.335157833692175
1.9943951023932 0.113629507543394 -0.367704750584315 0.331436601198282
2.02915866455067 0.101046203116538 -0.356256974640544 0.327071109642012
2.06392222670814 0.0888581097868669 -0.344970887224538 0.322148931913833
2.09868578886561 0.0770592877798895 -0.333864334842797 0.316756458485138
2.13344935102309 0.0656432287895781 -0.322952189623258 0.310978326712766
2.16821291318056 0.0546029582086908 -0.312246419736283 0.304896881080854
2.20297647533803 0.0439311345915731 -0.301756177994193 0.298591667632648
2.2377400374955 0.0336201457387818 -0.291487907389443 0.292138965483888
2.27250359965298 0.0236622008375964 -0.281445462237521 0.285611357933095
2.30726716181045 0.0140494181403107 -0.271630243509946 0.2790773452963
2.34203072396792 0.00477390771260411 -0.262041346875581 0.272601001198363
2.37679428612539 -0.00417215116324976 -0.252675721915255 0.266241673653709
2.41155784828287 -0.0127964382915022 -0.243528340935267 0.260053731869818
2.44632141044034 -0.0211064268782947 -0.234592375779803 0.254086359310873
2.48108497259781 -0.0291093241093504 -0.225859381030419 0.248383393169799
2.51584853475528 -0.0368120181840113 -0.217319481982181 0.242983210018146
2.55061209691276 -0.0442210319438679 -0.208961565800494 0.237918657037754
2.58537565907023 -0.0513424831791939 -0.200773474289472 0.233217027888849
2.6201392212277 -0.058182051642465 -0.192742196741379 0.228900081938866
2.65490278338517 -0.0647449527459005 -0.184854061386449 0.224984105267122
2.68966634554265 -0.0710359178694782 -0.177094924022528 0.22148001157473
2.72442990770012 -0.0770591811576865 -0.169450352473634 0.218393480868426
2.75919346985759 -0.0828184726376627 -0.161905805604727 0.215725133553172
2.79395703201506 -0.0883170174485789 -0.154446805705911 0.213470737362142
2.82872059417253 -0.0935575409324725 -0.147059103151829 0.21162144437553
2.86348415633001 -0.0985422793003778 -0.139728832340202 0.210164055231553
2.89824771848748 -0.103272995554771 -0.132442658016338 0.209081307514767
2.93301128064495 -0.107751000320102 -0.125187911196839 0.208352185218143
2.96777484280242 -0.111977177207767 -0.117952714014761 0.207952246116063
3.0025384049599 -0.115952012320202 -0.110726092919032 0.207853963854911
3.03730196711737 -0.119675627480991 -0.103498079772082 0.208027081565553
3.07206552927484 -0.12314781676399 -0.0962598005003598 0.208438973826496
3.10682909143231 -0.126368085884317 -0.0890035510618738 0.209055013856851
3.14159265358979 -0.129335694007796 -0.0817228606021511 0.209838942892846
