500 0.0743432041278825 0.029592653589793  0.0618759359649833 0.0329831612835907 0.122942349237054 0.13828989171579
1000 0.052139965477549 0.009592653589793  0.043689779020106 0.0112008811551081 0.086223656890887 0.0247537714609241
1500 0.042501011752663 0.005592653589793  0.0355387995288445 0.0141066426153214 0.0687023979755327 0.101486335146511
2000 0.0363988736089456 0.0204073464102068  0.0304276120760776 0.0232002134282805 0.0607229422833697 0.151054223652252
2500 0.0333113083501684 0.0343926535897929  0.0271081524491254 0.0497446301709763 0.0538445582999193 0.032493000887214
3000 0.0303015071132334 0.025592653589793  0.0248753061001627 0.00994880197390691 0.0494848187656689 0.0126233972949632
3500 0.0277833584857259 0.00216408216122188  0.0232147621051123 0.0159970214985306 0.0461499557425915 0.0122730638278084
4000 0.0262737083412296 0.0285926535897931  0.0218311839985307 0.0111015932018428 0.0429283940905179 0.0446583325283481
4500 0.024754430455183 0.0269259869231266  0.0204106155629635 0.028074898429773 0.0401167108317204 0.010390253454204
5000 0.0232002758604289 0.00240734641020701  0.0194779542644941 0.0032789856075266 0.0381886396548275 0.0144591309289779
5500 0.0221886584765445 0.00486538086252031  0.0186700895042471 0.00245327068102741 0.0363503546642463 0.00394911826837507
6000 0.0210026012498276 0.0217406797435404  0.0176140593287903 0.0134729950246006 0.0349415159665603 0.00268354096509071
6500 0.0206648823775443 0.0351311151282547  0.0171391678825107 0.00485867026348208 0.0337503985776168 0.0410764377063466
7000 0.0194046238966755 0.026407346410207  0.016466090530195 0.0257255088581818 0.0324968368016513 0.0206730404371736
7500 0.019095636360174 0.0167926535897931  0.0160541190126177 0.025036626673054 0.0311837324107647 0.0159172081552601
8000 0.0185332100565444 0.0225926535897929  0.0155015911564979 0.00950208076786696 0.0301001600112344 0.00145114633576071
8500 0.0177329736068482 0.010407346410207  0.0149672477826268 0.000816339979533343 0.0291263265945166 0.0205793081412837
9000 0.0173412574479633 0.00425932025645981  0.0144348716671604 0.010804933991678 0.0285359252707924 0.0333216736670132
9500 0.0169060481460341 0.00811896937926671  0.0141278087329359 0.0191473538725297 0.0277490974265312 0.0163556531217686
10000 0.0162666377595372 0.0220073464102071  0.0137838180548836 0.0154043105159767 0.0270807480417569 0.018080297457614
10500 0.0160381516849611 0.00178312978026929  0.0134053615780584 0.0020151381223088 0.0264793105763901 0.00630392441640693
11000 0.0155439916183716 0.0169528009556617  0.0131067809194326 0.00635719821095826 0.0258755597463952 0.0123752671887112
11500 0.0152774109051509 0.00553778119281567  0.0128171535498512 0.00946950630798593 0.0252286531939662 0.0153514897073306
12000 0.0149180846625832 0.0114073464102069  0.0126105747792257 0.00728043190117589 0.0248453377994163 0.00998991828617735
12500 0.0148340488940815 0.023832653589793  0.0123843441031174 0.00484042088428849 0.024288112794618 0.0315002285557213
13000 0.0143806667364612 0.00363811564097594  0.0120626163326622 0.00247636321283595 0.023752280719339 0.0150091149837275
13500 0.0140475554656598 0.0142591982620588  0.0119272087496617 0.0100625567981765 0.0234488890761383 0.0192086525169604
14000 0.0139795300162494 0.017306939304079  0.0116670333795956 0.015662766974887 0.0228992479891745 0.017080528773902
14500 0.0136792362463962 0.00724782600358642  0.01143997323272 0.00787070994742045 0.0223918979062842 0.000193547920880999
15000 0.0133534978189237 0.00960734641020666  0.0112418137714152 0.0311035543430269 0.0221256460537762 0.0238470272205435
15500 0.0133441058381211 0.0280442664930187  0.0109892693538294 0.00345748942051749 0.0216826861878995 0.029595041733292
16000 0.0130309186108942 0.00884265358979297  0.0109570372373969 0.00694150404432214 0.0214688268613401 0.0280386299765256
16500 0.0127739628607174 0.00192249792535826  0.0107187867211911 0.00845466147335694 0.0211200528431479 0.019133809320234
17000 0.0126556987949541 0.0114750065309694  0.0105576915718444 0.00249331098098438 0.0206352998905837 0.0146964947012145
17500 0.0124927934426212 0.0151926535897933  0.0104323491671293 0.000306114761104315 0.0204592068709036 0.0161822944272041
18000 0.0122872327149564 0.00914820914534875  0.0102778863257979 0.0108135738125381 0.0201713207130296 0.0210686114731033
18500 0.0121424339694603 0.013592653589793  0.0101331304866377 0.000585184596106902 0.0199077139377802 0.00684176875337084
19000 0.0119301413134854 0.00327686411610895  0.00996929457913061 0.00319603529209678 0.0195229524116983 0.0474266084195678
19500 0.0117376590050312 0.00445862846148914  0.00981534793395711 0.00197996060337058 0.0193249979054834 0.0369398915979167
20000 0.0116820806365989 0.0143926535897929  0.00974256313799448 0.00343313620892838 0.0191331334613838 0.00505263028987901
20500 0.0113945497888349 0.0152853951906948  0.00955854949811867 0.0115219871670478 0.0189046556330087 0.00769447338453588
21000 0.0112975894735449 0.00716925117211176  0.00950788079244228 0.00202462629424494 0.0185735720133772 0.036496908685117
21500 0.0110849860347723 0.0238026952474164  0.00943266330205099 0.0100363807840003 0.0185091852006446 0.0355522540942199
22000 0.0110517392588737 0.00422552822838851  0.00932124427735305 0.00224110029556535 0.0183061496683285 0.00375219764165458
22500 0.010903502413601 0.00951845752131808  0.00918563631256503 0.00366910743425342 0.0180058550793453 0.00913073584030633
23000 0.0109312584789639 0.0228100448941411  0.00903900733848569 0.00788812528122218 0.0178315479505059 0.0290553058457248
23500 0.0106680358065536 0.00972649534637693  0.00902836001729818 0.00886455155095556 0.0176115804217916 0.0192502989893502
24000 0.0105668487103141 0.00740734641020691  0.00889508116700217 0.00936859699598935 0.0174345546784653 0.0375877020288273
24500 0.0104398403909537 0.0115502035530639  0.00878186492887974 0.000553106912979828 0.0172756120155514 0.00312926424324811
25000 0.0103832322181486 0.000647346410207028  0.00874987113840876 0.0011240762463216 0.0170929998963498 0.0199375794956698
25500 0.0102450517124313 0.00883871895922628  0.00863142661337431 0.00585336314746598 0.0169370065496938 0.00212316784802269
26000 0.0102619667591571 0.0182080382051777  0.00854738298771483 0.00517677370504854 0.0168084923842079 0.0172185853364755
26500 0.0100904626298709 0.0006115215143212  0.00844689252793597 0.00826084389997295 0.016630343575962 0.0133324657743525
27000 0.0100231797193926 0.00692598692312663  0.00834656590980547 0.00114925684092038 0.0164847560412395 0.00629642849256484
27500 0.0100103220032407 0.026101744498884  0.0083068634397104 0.00341436723005639 0.0162877056796621 0.00137288920742851
28000 0.00977279797063907 0.00983591783877813  0.00822538834926581 0.00826294542758088 0.0161344899257609 0.00962199375388817
28500 0.00973832885257727 0.00264528516874041  0.00818933790302422 0.0176934619418292 0.016021813532627 0.0135815306576625
29000 0.00963621304822063 0.00171769123779297  0.00806258751001158 0.000985799723649539 0.0158584596317153 0.00743883774522391
29500 0.00952708532260292 0.00837344810512208  0.00800854918474311 0.00953091183828025 0.0157833079261622 0.015981655839278
30000 0.00954310222097616 0.0155926535897932  0.00796892428730717 0.00410816596048935 0.0156101527270812 0.038521991436081
30500 0.0094034507736815 8.44568684814639E-05  0.00787749215116758 0.00512314492092569 0.015447439438159 0.0164677682705254
31000 0.0093332565281018 0.00159265358979299  0.00784135307052123 0.000167129846705638 0.0153413413668355 0.00839537939724933
31500 0.00918121557881815 0.0180263940292544  0.00777458801588892 0.00342639467370098 0.0151694413843073 0.0250309681458196
32000 0.00920463103127306 0.00634265358979302  0.00771025277064268 0.00330265214949854 0.0151342452938248 0.0153089388463648
32500 0.00911603977612088 0.00177726897440866  0.00764016623021673 0.00544159557539547 0.0150101472463628 0.00319594154092906
33000 0.00900639997778628 0.00871037671323727  0.00757113806680927 0.00416893555712727 0.0148619658046111 0.0171088822976677
33500 0.00893837934618062 0.00885510760423669  0.00753067411604389 0.00360258095685007 0.0147940262154089 0.00801300381116876
34000 0.00889378349732056 0.00323087582197168  0.00745636002039189 0.00607422699617421 0.0146858420303478 0.00377980314076387
34500 0.00888096558918006 0.0106941028651555  0.00743108765630188 0.00580593062039148 0.0145880372770987 0.00159879776363159
35000 0.00877526287264177 0.000693060695921233  0.00734593391381681 0.00916388303897975 0.014468334152354 0.00663790343466886
35500 0.00874830739806749 0.00886025922359579  0.00733194296449816 0.0106687577104445 0.0143658289948767 0.0221312705111969
36000 0.00864623232011108 0.00240734641020701  0.00727518882278467 0.0149962724734669 0.0142400039025049 0.0178023468449426
36500 0.00858680733881765 0.00240734641020701  0.00721971404154997 0.00516952434433904 0.0141330276650669 0.013261157218031
37000 0.00855161917024757 0.00397103196817161  0.00716080178678641 0.00637173148411918 0.0140823745245925 0.0134036683193131
37500 0.00847653194883991 0.00102067974354014  0.00712669095809041 3.11081010000436E-05 0.0139761692102405 0.00446591615472558
38000 0.00835008880718724 0.0205126095681014  0.00705634978551298 0.000579754768736063 0.0139163621604471 0.00137968900247953
38500 0.00832512071965404 0.0123813723842328  0.00705046627046911 0.0112701912944999 0.0137916237121822 0.00204884236119218
39000 0.00829832534979105 0.0048688848717453  0.00697593194075268 0.00179127709416438 0.0137051610550108 0.0161895693990717
39500 0.00819901133706348 0.0180022831190678  0.00692965997205554 0.000430826599983281 0.0135861624592893 0.0102127525413374
