500 0.032 0.005592653589793  0.00362947396977065 0.00018392713645321 0.03969819667451 0.00530516041403217
1000 0.004 0.00440734641020679  0.00187205703587967 0.00212656018021917 0.00882455433381102 0.0155982560690431
1500 0.016 0.000259320256459805  0.00104204908722405 0.000532127207355071 0.0207670458569229 0.00177521636230615
2000 0.00800000000000001 0.00359265358979322  0.000994732807797494 0.00209713227619135 0.0190992249002706 0.00596317734195129
2500 0.00320000000000009 0.00399265358979317  0.00104249621296448 0.00112424020844193 0.0018445182747171 0.00308393990647993
3000 0.00933333333333319 0.0049259869231264  8.89545615665455E-05 0.000146748205704927 0.00781456907236899 0.000102641641994694
3500 0.00342857142857156 0.00159265358979299  0.00124417601579419 3.28858393889853E-05 0.00283205954643506 0.00170214350854447
4000 0.00199999999999978 0.00359265358979322  5.99282475475249E-05 0.0010624709675171 0.00646378141299753 0.00157704857939223
4500 0.00533333333333319 0.0047037647009045  0.000188324029338993 0.000273898268484896 0.00673898709081699 0.00136170317952899
5000 0.00240000000000018 0.00120734641020714  0.000573310821353701 6.19430794412956E-05 0.0018397309737308 0.000150644998477834
5500 0.000727272727272688 0.000138108135248061  7.74889916725918E-05 0.000275425166951226 0.00397701250362381 0.00249601785587128
6000 0 0.00359265358979322  0.00111107645731856 0.000734351210544659 0.00399798671254237 0.00384449011487398
6500 0 0.000669576666716409  3.90141711186232E-05 0.000505948620268537 0.00169607094666935 0.000293485441403618
7000 0.00285714285714267 0.00187836787550744  7.00461462175284E-05 0.000224891193242982 0.00253316596592601 0.00252320815002527
7500 0 0.00132598692312635  0.000452362354895097 3.39562410984762E-05 0.00212418769742539 0.00230528986923062
8000 0.00099999999999989 9.26535897933789E-05  7.3796933595105E-06 0.000163820970394912 0.00150483979365612 0.00110621050993931
8500 0.00141176470588267 0.000180888883910768  0.000168248744432553 0.000142519646962214 0.00585057596490923 0.000693874757829782
9000 0.000888888888888939 0.00107401307687383  0.000221623036678942 0.000143314257919691 0.00182437537509816 0.00112083192387047
9500 0.000842105263158199 0.00156524114704926  0.000143782479879118 0.000213978805843507 0.0007172198782186 0.00219817105544839
10000 0.00119999999999987 0.000592653589793102  0.00039942420622241 0.000138980884284212 0.00433971001237321 0.00152538586685935
10500 0.00304761904761897 0.00126448926734968  0.000343603598484066 0.000347300846117005 0.000612633547909969 0.000729034225285474
11000 0.00145454545454582 0.000225528228388505  0.000492798783798598 0.000157379943695357 0.00376600341582201 0.00103668587614569
11500 0.000347826086956715 0.000201349241967019  0.000107385347244193 0.00012330991318743 0.00284255208719975 0.00119117855579098
12000 0.00166666666666693 0.00190734641020684  9.70102259003625E-05 0.000255230593725564 0.00194385949025477 5.37317315973951E-06
12500 0.00192000000000014 0.000487346410206868  0.00050324059646023 3.70462505112634E-05 0.00230821247905677 0.00185358764462906
13000 0.000307692307692342 0.000208038205177896  0.000120090098851833 9.34589698298183E-05 0.00138316303982799 0.00155249759047038
13500 0.00207407407407389 0.000407468404607592  0.00012942565115015 0.000196780137708075 0.000710199927233646 0.00117169552795193
14000 0.00085714285714289 2.12250183646567E-05  0.000392246965155607 9.55267518283343E-05 0.00120345473145989 0.00258707161042926
14500 0.00110344827586184 0.000200449858482443  0.000187225110135358 9.76245496357997E-05 0.00024869300028163 0.00153796177070387
15000 0.000799999999999912 0.000140679743540151  0.000182510081866649 2.08650554731626E-05 0.000345964366024187 0.00127720984136115
15500 0.000516129032258394 0.000173298751083628  0.000321249409287017 5.95275712114152E-05 0.0020380303765708 0.00154474036918106
16000 0.000249999999999861 0.00103234641020666  0.000294961030883112 0.00012242399887219 0.00105631901203163 0.00143502995126354
16500 0.000484848484848754 0.000467952470812882  3.12452047999123E-05 0.000152108007655638 0.00120987067668477 0.00171696439048574
17000 0.000235294117647111 6.32418250869904E-05  0.000108363542809187 0.000243597025813891 0.000122066789516762 0.00216567474309404
17500 0.000914285714285423 0.000578774981635277  4.69674410839005E-05 6.54321198045871E-05 0.000552417122628768 0.000693837777502981
18000 0.000222222222221902 7.40130768734915E-05  0.000176737976248287 0.000121701978864852 0.00306800170718491 0.00108181543684704
18500 0.00086486486486459 0.000245184248044872  9.99694101015969E-05 0.000121166321414901 0.00197165675843314 0.000457024821643337
19000 0.000210526315789661 0.000224232537161306  3.47924465025073E-05 0.000116546707623399 0.00167606495507355 0.000313085931788137
19500 0.00184615384615361 0.000361884359024067  0.00024536090724725 6.42369195626991E-05 0.00278939844616222 0.00107933238109403
20000 0.00139999999999985 0.000507346410206999  0.000139149930834304 8.95710945854056E-05 0.00165920405254516 0.000339101973700018
20500 0.000975609756097562 0.00061704383369543  0.000322321055860719 8.18538334002028E-05 0.000799976117486612 0.00102455972663318
21000 0.00209523809523793 0.000735510732650546  0.000152299955308521 3.26209942818068E-05 0.00263519320343386 0.00102536203361225
21500 0.000558139534883484 8.17650148583482E-05  4.83450024888477E-05 6.05442200805051E-05 0.00211969275559465 0.000383275719623821
22000 0.00127272727272709 0.000229017226156536  0.000112948555665682 6.26575736517587E-05 0.00324770982604239 0.000648564483835656
22500 0.00213333333333354 0.00061487581201547  0.000140555366409334 4.4271341272939E-06 0.00318281701938528 0.000851903897467476
23000 0.000521739130435073 0.000288305763706198  7.42098909314315E-05 5.16194463702213E-05 0.00263922916461556 0.000814888293143134
23500 0.00170212765957478 0.000316057845112461  3.14847037419241E-06 4.60436818428001E-05 0.0026558763158806 0.00139527140769502
24000 0.000833333333333464 0.000157346410206927  0.00027946319294303 0.000117319437126451 0.000712197909709555 0.00141826899891662
24500 0.00114285714285733 3.99994714310736E-05  0.000322687547763323 8.92062086861323E-05 0.0014330113058123 0.00102142444953035
25000 0.000959999999999628 0.000152653589792884  0.000254591425626227 9.84763781937126E-05 0.00189605736145859 0.00160169515578357
25500 0.00125490196078415 0.000368130723932047  0.000133657341482962 5.46761525508366E-05 0.0010201043781497 0.000895241305891581
26000 0.000769230769230855 0.000484269487129652  0.000191741582590943 9.68947875183979E-05 0.00152090657431359 0.0010532842896489
26500 0.000301886792453132 7.74792941582447E-06  6.72046172245366E-05 3.2663684126355E-06 0.00259169454482278 0.000925467280071146
27000 0.00103703703703673 0.000555494558355019  7.8615691793793E-05 5.2083964905858E-05 0.00134265542814527 0.00102490751809725
27500 0 8.00736829340565E-05  1.33737505874088E-05 6.86066534560936E-06 0.00158802628411214 0.00138445694572553
28000 0.000142857142857 9.26535897933789E-05  2.26528470528287E-05 4.01430929417579E-05 0.00230263100549566 0.000995528782876676
28500 0.00140350877192974 0.000442434129505287  4.66595615487009E-05 4.67544647779761E-05 0.00164630804811772 0.000690083908909678
29000 0.000827586206896491 0.000200449858482887  1.33981732295396E-05 1.01713746398779E-05 0.003044242847976 0.000739212856954552
29500 0.000677966101694683 0.000170058274613361  0.000110812642638791 1.71086293532241E-06 0.00163825834208042 0.000756055553170931
30000 0.00146666666666651 0.000607346410206766  1.63289839045788E-05 4.77399772673692E-05 0.0023141729521865 0.000642077947111019
30500 0.00118032786885269 0.000112264442993837  3.5991612663544E-05 7.54974912986484E-05 0.00247854702937289 0.00121798459717581
31000 0.0015483870967743 0.000213798023110279  5.7874426884208E-05 8.05487223631829E-06 0.00169633087518406 0.000744072342648838
31500 0.000761904761904741 0.000502584505444936  7.46156524611408E-06 5.7161254191751E-05 0.00189156320786177 0.00121012287614608
32000 0.00099999999999989 9.26535897933789E-05  5.80308256261652E-05 3.86042700433187E-05 0.00174641142759535 0.00154003794493107
32500 0.00209230769230739 0.000622731025591516  7.58821052984082E-05 2.38394011344845E-05 0.00108593204151974 0.000948971724923808
33000 0.00169696969696975 0.000589164592025071  0.000182980541755473 0.000111397401754143 0.00191169781672818 0.00128006632239153
33500 0.000835820895522144 0.000437197156475833  8.74664422734206E-05 9.95700164554414E-05 0.0018070176127587 0.000830297832246973
34000 0.00141176470588267 0.000642640527853899  0.000195794252826786 4.69877356423787E-05 0.000870695876391991 0.000962263113916784
34500 0.00115942028985527 0.000204447859482038  6.55882226112681E-05 0.000104556278042178 0.00160427772935678 0.00116594405574766
35000 0.00137142857142836 0.000350203553064254  0.000130708821693748 6.77724819566627E-05 0.000726202410992194 0.00106011214979551
35500 0.00101408450704232 0.000548191480629789  0.000173332644331836 5.81513546862311E-05 0.00113416997728155 0.00106433567758435
36000 0.000777777777777988 0.000129568632429411  7.11590741127033E-05 6.70949422274525E-05 0.00144233027435448 0.00121132861823714
36500 0.00153424657534229 0.000434743670481019  4.1459673179034E-05 1.76891980521177E-05 0.000851466388781752 0.000739742324716186
37000 0.00183783783783786 8.30220858825115E-05  0.0001708244777201 6.74608300026414E-05 0.0021237874578377 0.000843100375571115
37500 0.00117333333333347 0.000205986923126567  0.000102154570366775 2.51049334605291E-05 0.0013185615521154 0.00110049355727471
38000 0.00168421052631595 0.000196820094417127  7.69054349123444E-05 7.34456715885123E-05 0.00120071241482744 0.000629705267320979
38500 0.00135064935064921 3.42120313514549E-05  0.000103009436867474 2.01230698486654E-05 0.00140662252770074 0.00111903410139602
39000 0.000512820512820866 0.000105474102613634  2.887434713017E-05 8.7296991506669E-06 0.00137541879615899 0.000954613332148302
39500 0.000303797468354627 0.000128865397548417  0.000192457849658823 2.72445982107961E-05 0.00130472004749604 0.000793584097860567
