0.0625 0.0525919365504935
0.125 0.105183873100987
0.1875 0.157775809651481
0.25 0.210367746201974
0.3125 0.262959682752468
0.375 0.315551619302961
0.4375 0.368143555853455
0.5 0.420735492403948
0.5625 0.473327428954442
0.625 0.525919365504935
0.6875 0.578511302055429
0.75 0.631103238605922
0.8125 0.683695175156416
0.875 0.736287111706909
0.9375 0.788879048257403
1 0.841470984807897
1.0625 0.845710137434008
1.125 0.84994929006012
1.1875 0.854188442686231
1.25 0.858427595312343
1.3125 0.862666747938454
1.375 0.866905900564566
1.4375 0.871145053190677
1.5 0.875384205816789
1.5625 0.879623358442901
1.625 0.883862511069012
1.6875 0.888101663695124
1.75 0.892340816321235
1.8125 0.896579968947347
1.875 0.900819121573459
1.9375 0.90505827419957
2 0.909297426825682
2.0625 0.861286338152818
2.125 0.813275249479955
2.1875 0.765264160807091
2.25 0.717253072134228
2.3125 0.669241983461365
2.375 0.621230894788501
2.4375 0.573219806115638
2.5 0.525208717442774
2.5625 0.477197628769911
2.625 0.429186540097048
2.6875 0.381175451424184
2.75 0.333164362751321
2.8125 0.285153274078457
2.875 0.237142185405594
2.9375 0.189131096732731
3 0.141120008059867
3.0625 0.08499985159938
3.125 0.0288796951388928
3.1875 -0.0272404613215944
3.25 -0.0833606177820816
3.3125 -0.139480774242569
3.375 -0.195600930703056
3.4375 -0.251721087163543
3.5 -0.307841243624031
3.5625 -0.363961400084518
3.625 -0.420081556545005
3.6875 -0.476201713005492
3.75 -0.532321869465979
3.8125 -0.588442025926467
3.875 -0.644562182386954
3.9375 -0.700682338847441
4 -0.756802495307928
4.0625 -0.769435106517629
4.125 -0.78206771772733
4.1875 -0.79470032893703
4.25 -0.807332940146731
4.3125 -0.819965551356431
4.375 -0.832598162566132
4.4375 -0.845230773775833
4.5 -0.857863384985533
4.5625 -0.870495996195234
4.625 -0.883128607404935
4.6875 -0.895761218614635
4.75 -0.908393829824336
4.8125 -0.921026441034037
4.875 -0.933659052243737
4.9375 -0.946291663453438
5 -0.958924274663138
5.0625 -0.916454976134125
5.125 -0.873985677605112
5.1875 -0.831516379076099
5.25 -0.789047080547085
5.3125 -0.746577782018072
5.375 -0.704108483489059
5.4375 -0.661639184960045
5.5 -0.619169886431032
5.5625 -0.576700587902019
5.625 -0.534231289373006
5.6875 -0.491761990843992
5.75 -0.449292692314979
5.8125 -0.406823393785966
5.875 -0.364354095256952
5.9375 -0.321884796727939
6 -0.279415498198926
6.0625 -0.220890367141569
6.125 -0.162365236084211
6.1875 -0.103840105026854
6.25 -0.0453149739694971
6.3125 0.0132101570878601
6.375 0.0717352881452172
6.4375 0.130260419202574
6.5 0.188785550259932
6.5625 0.247310681317289
6.625 0.305835812374646
6.6875 0.364360943432003
6.75 0.42288607448936
6.8125 0.481411205546717
6.875 0.539936336604075
6.9375 0.598461467661432
7 0.656986598718789
7.0625 0.677759826712826
7.125 0.698533054706863
7.1875 0.7193062827009
7.25 0.740079510694937
7.3125 0.760852738688974
7.375 0.781625966683011
7.4375 0.802399194677048
7.5 0.823172422671085
7.5625 0.843945650665123
7.625 0.86471887865916
7.6875 0.885492106653197
7.75 0.906265334647234
7.8125 0.927038562641271
7.875 0.947811790635308
7.9375 0.968585018629345
8 0.989358246623382
8.0625 0.95328076153703
8.125 0.917203276450679
8.1875 0.881125791364327
8.25 0.845048306277975
8.3125 0.808970821191624
8.375 0.772893336105272
8.4375 0.736815851018921
8.5 0.700738365932569
8.5625 0.664660880846218
8.625 0.628583395759866
8.6875 0.592505910673514
8.75 0.556428425587163
8.8125 0.520350940500811
8.875 0.48427345541446
8.9375 0.448195970328108
9 0.412118485241757
