1 0.807028356849695 0
1.09090909090909 0.776854878780238 0.0719946925286332
1.18181818181818 0.74668140071078 0.141246341596407
1.27272727272727 0.716507922641323 0.207754947203321
1.36363636363636 0.686334444571865 0.271520509349375
1.45454545454545 0.656160966502408 0.332543028034569
1.54545454545455 0.625987488432951 0.390822503258903
1.63636363636364 0.595814010363494 0.446358935022378
1.72727272727273 0.565640532294036 0.499152323324993
1.81818181818182 0.535467054224579 0.549202668166748
1.90909090909091 0.505293576155122 0.596509969547644
2 0.475120098085664 0.64107422746768
2.09090909090909 0.507462875815197 0.685737089917719
2.18181818181818 0.53980565354473 0.733340204888624
2.27272727272727 0.572148431274262 0.783883572380397
2.36363636363636 0.604491209003795 0.837367192393035
2.45454545454545 0.636833986733328 0.893791064926541
2.54545454545455 0.66917676446286 0.953155189980914
2.63636363636364 0.701519542192393 1.01545956755615
2.72727272727273 0.733862319921926 1.08070419765226
2.81818181818182 0.766205097651459 1.14888908026923
2.90909090909091 0.798547875380991 1.22001421540707
3 0.830890653110524 1.29407960306577
3.09090909090909 0.793740384904293 1.36792646843008
3.18181818181818 0.756590116698062 1.43839603668474
3.27272727272727 0.71943984849183 1.50548830782973
3.36363636363636 0.682289580285599 1.56920328186507
3.45454545454545 0.645139312079368 1.62954095879075
3.54545454545455 0.607989043873137 1.68650133860677
3.63636363636364 0.570838775666906 1.74008442131314
3.72727272727273 0.533688507460675 1.79029020690985
3.81818181818182 0.496538239254443 1.8371186953969
3.90909090909091 0.459387971048212 1.88056988677429
4 0.422237702841981 1.92064378104203
4.09090909090909 0.452068819705598 1.96038498661237
4.18181818181818 0.481899936569215 2.00283811189759
4.27272727272727 0.511731053432833 2.04800315689768
4.36363636363636 0.541562170296449 2.09588012161265
4.45454545454546 0.571393287160067 2.14646900604249
4.54545454545454 0.601224404023684 2.19976981018721
4.63636363636364 0.631055520887301 2.2557825340468
4.72727272727273 0.660886637750918 2.31450717762126
4.81818181818182 0.690717754614535 2.3759437409106
4.90909090909091 0.720548871478152 2.44009222391481
5 0.750379988341769 2.5069526266339
5.09090909090909 0.744522950112047 2.57490276019998
5.18181818181818 0.738665911882325 2.64232043574518
5.27272727272727 0.732808873652603 2.7092056532695
5.36363636363636 0.726951835422881 2.77555841277293
5.45454545454545 0.721094797193159 2.84137871425548
5.54545454545455 0.715237758963437 2.90666655771714
5.63636363636364 0.709380720733715 2.97142194315792
5.72727272727273 0.703523682503993 3.03564487057782
5.81818181818182 0.697666644274271 3.09933533997683
5.90909090909091 0.691809606044549 3.16249335135496
6 0.685952567814827 3.2251189047122
6.09090909090909 0.667376725567892 3.28663387259323
6.18181818181818 0.648800883320957 3.34646012754273
6.27272727272727 0.630225041074021 3.40459766956068
6.36363636363636 0.611649198827086 3.46104649864709
6.45454545454545 0.59307335658015 3.51580661480197
6.54545454545455 0.574497514333215 3.5688780180253
6.63636363636364 0.55592167208628 3.6202607083171
6.72727272727273 0.537345829839344 3.66995468567735
6.81818181818182 0.518769987592409 3.71795995010607
6.90909090909091 0.500194145345473 3.76427650160325
7 0.481618303098538 3.80890434016888
7.09090909090909 0.476502227310833 3.85245527336931
7.18181818181818 0.471386151523128 3.89554110877085
7.27272727272727 0.466270075735423 3.93816184637351
7.36363636363636 0.461153999947718 3.98031748617729
7.45454545454545 0.456037924160013 4.02200802818219
7.54545454545455 0.450921848372308 4.0632334723882
7.63636363636364 0.445805772584603 4.10399381879534
7.72727272727273 0.440689696796898 4.14428906740359
7.81818181818182 0.435573621009193 4.18411921821295
7.90909090909091 0.430457545221488 4.22348427122344
8 0.425341469433783 4.26238422643504
8.09090909090909 0.415773621572923 4.30061673057171
8.18181818181818 0.406205773712062 4.33797943035739
8.27272727272727 0.396637925851202 4.37447232579209
8.36363636363636 0.387070077990341 4.41009541687579
8.45454545454545 0.377502230129481 4.44484870360851
8.54545454545455 0.36793438226862 4.47873218599024
8.63636363636364 0.35836653440776 4.51174586402099
8.72727272727273 0.348798686546899 4.54388973770075
8.81818181818182 0.339230838686039 4.57516380702952
8.90909090909091 0.329662990825178 4.6055680720073
9 0.320095142964318 4.63510253263409
9.09090909090909 0.316093717848926 4.66402020812561
9.18181818181818 0.312092292733533 4.69257411769753
9.27272727272727 0.308090867618141 4.72076426134988
9.36363636363636 0.304089442502749 4.74859063908265
9.45454545454546 0.300088017387357 4.77605325089584
9.54545454545454 0.296086592271964 4.80315209678944
9.63636363636364 0.292085167156572 4.82988717676347
9.72727272727273 0.28808374204118 4.85625849081791
9.81818181818182 0.284082316925788 4.88226603895277
9.90909090909091 0.280080891810395 4.90790982116805
10 0.276079466695003 4.93318983746375
