1 1 1 1 0 1 2 0 0 0
1.04040404040404 1 1.04040404040404 1.08244056728905 0 1 2.08080808080808 0.0404040404040404 0.0412202836445261 0.0420585132349238
1.08080808080808 1 1.08080808080808 1.16814610754005 0 1 2.16161616161616 0.0808080808080809 0.0840730537700236 0.0875139175312628
1.12121212121212 1 1.12121212121212 1.25711662075298 0 1 2.24242424242424 0.121212121212121 0.128558310376492 0.136498130988489
1.16161616161616 1 1.16161616161616 1.34935210692786 0 1 2.32323232323232 0.161616161616162 0.174676053463932 0.189143071706075
1.2020202020202 1 1.2020202020202 1.44485256606469 0 1 2.4040404040404 0.202020202020202 0.222426283032344 0.245580657783494
1.24242424242424 1 1.24242424242424 1.54361799816345 0 1 2.48484848484848 0.242424242424242 0.271808999081726 0.305942807320218
1.28282828282828 1 1.28282828282828 1.64564840322416 0 1 2.56565656565657 0.282828282828283 0.32282420161208 0.370361438415719
1.32323232323232 1 1.32323232323232 1.75094378124681 0 1 2.64646464646465 0.323232323232323 0.375471890623406 0.438968469169469
1.36363636363636 1 1.36363636363636 1.85950413223141 0 1 2.72727272727273 0.363636363636364 0.429752066115703 0.511895817680942
1.4040404040404 1 1.4040404040404 1.97132945617794 0 1 2.80808080808081 0.404040404040404 0.48566472808897 0.589275402049609
1.44444444444444 1 1.44444444444444 2.08641975308642 0 1 2.88888888888889 0.444444444444444 0.54320987654321 0.671239140374943
1.48484848484848 1 1.48484848484848 2.20477502295684 0 1 2.96969696969697 0.484848484848485 0.602387511478421 0.757918950756416
1.52525252525253 1 1.52525252525253 2.32639526578921 0 1 3.05050505050505 0.525252525252525 0.663197632894603 0.849446751293502
1.56565656565657 1 1.56565656565657 2.45128048158351 0 1 3.13131313131313 0.565656565656566 0.725640240791756 0.945954460085671
1.60606060606061 1 1.60606060606061 2.57943067033976 0 1 3.21212121212121 0.606060606060606 0.78971533516988 1.0475739952324
1.64646464646465 1 1.64646464646465 2.71084583205795 0 1 3.29292929292929 0.646464646464647 0.855422916028977 1.15443727483315
1.68686868686869 1 1.68686868686869 2.84552596673809 0 1 3.37373737373737 0.686868686868687 0.922762983369044 1.26667621698741
1.72727272727273 1 1.72727272727273 2.98347107438017 0 1 3.45454545454545 0.727272727272727 0.991735537190083 1.38442273979464
1.76767676767677 1 1.76767676767677 3.12468115498419 0 1 3.53535353535354 0.767676767676768 1.06234057749209 1.50780876135432
1.80808080808081 1 1.80808080808081 3.26915620855015 0 1 3.61616161616162 0.808080808080808 1.13457810427507 1.63696619976591
1.84848484848485 1 1.84848484848485 3.41689623507805 0 1 3.6969696969697 0.848484848484849 1.20844811753903 1.7720269731289
1.88888888888889 1 1.88888888888889 3.5679012345679 0 1 3.77777777777778 0.888888888888889 1.28395061728395 1.91312299954275
1.92929292929293 1 1.92929292929293 3.72217120701969 0 1 3.85858585858586 0.929292929292929 1.36108560350985 2.06038619710694
1.96969696969697 1 1.96969696969697 3.87970615243343 0 1 3.93939393939394 0.96969696969697 1.43985307621671 2.21394848392094
2.01010101010101 1 2.01010101010101 4.0405060708091 0 1 4.02020202020202 1.01010101010101 1.52025303540455 2.37394177808421
2.05050505050505 1 2.05050505050505 4.20457096214672 0 1 4.1010101010101 1.05050505050505 1.60228548107336 2.54049799769624
2.09090909090909 1 2.09090909090909 4.37190082644628 0 1 4.18181818181818 1.09090909090909 1.68595041322314 2.7137490608565
2.13131313131313 1 2.13131313131313 4.54249566370779 0 1 4.26262626262626 1.13131313131313 1.77124783185389 2.89382688566445
2.17171717171717 1 2.17171717171717 4.71635547393123 0 1 4.34343434343434 1.17171717171717 1.85817773696562 3.08086339021958
2.21212121212121 1 2.21212121212121 4.89348025711662 0 1 4.42424242424242 1.21212121212121 1.94674012855831 3.27499049262135
2.25252525252525 1 2.25252525252525 5.07387001326395 0 1 4.50505050505051 1.25252525252525 2.03693500663198 3.47634011096923
2.29292929292929 1 2.29292929292929 5.25752474237323 0 1 4.58585858585859 1.29292929292929 2.12876237118661 3.6850441633627
2.33333333333333 1 2.33333333333333 5.44444444444444 0 1 4.66666666666667 1.33333333333333 2.22222222222222 3.90123456790123
2.37373737373737 1 2.37373737373737 5.6346291194776 0 1 4.74747474747475 1.37373737373737 2.3173145597388 4.1250432426843
2.41414141414141 1 2.41414141414141 5.82807876747271 0 1 4.82828282828283 1.41414141414141 2.41403938373635 4.35660210581137
2.45454545454545 1 2.45454545454545 6.02479338842975 0 1 4.90909090909091 1.45454545454545 2.51239669421488 4.59604307538192
2.49494949494949 1 2.49494949494949 6.22477298234874 0 1 4.98989898989899 1.49494949494949 2.61238649117437 4.84349806949542
2.53535353535354 1 2.53535353535354 6.42801754922967 0 1 5.07070707070707 1.53535353535354 2.71400877461484 5.09909900625134
2.57575757575758 1 2.57575757575758 6.63452708907254 0 1 5.15151515151515 1.57575757575758 2.81726354453627 5.36297780374915
2.61616161616162 1 2.61616161616162 6.84430160187736 0 1 5.23232323232323 1.61616161616162 2.92215080093868 5.63526638008834
2.65656565656566 1 2.65656565656566 7.05734108764412 0 1 5.31313131313131 1.65656565656566 3.02867054382206 5.91609665336836
2.6969696969697 1 2.6969696969697 7.27364554637282 0 1 5.39393939393939 1.6969696969697 3.13682277318641 6.2056005416887
2.73737373737374 1 2.73737373737374 7.49321497806346 0 1 5.47474747474747 1.73737373737374 3.24660748903173 6.50390996314882
2.77777777777778 1 2.77777777777778 7.71604938271605 0 1 5.55555555555556 1.77777777777778 3.35802469135802 6.81115683584819
2.81818181818182 1 2.81818181818182 7.94214876033058 0 1 5.63636363636364 1.81818181818182 3.47107438016529 7.1274730778863
2.85858585858586 1 2.85858585858586 8.17151311090705 0 1 5.71717171717172 1.85858585858586 3.58575655545352 7.45299060736261
2.8989898989899 1 2.8989898989899 8.40414243444546 0 1 5.7979797979798 1.8989898989899 3.70207121722273 7.78784134237659
2.93939393939394 1 2.93939393939394 8.64003673094582 0 1 5.87878787878788 1.93939393939394 3.82001836547291 8.13215720102773
2.97979797979798 1 2.97979797979798 8.87919600040812 0 1 5.95959595959596 1.97979797979798 3.93959800020406 8.48607010141548
3.02020202020202 1 3.02020202020202 9.12162024283236 0 1 6.04040404040404 2.02020202020202 4.06081012141618 8.84971196163932
3.06060606060606 1 3.06060606060606 9.36730945821855 0 1 6.12121212121212 2.06060606060606 4.18365472910927 9.22321469979872
3.1010101010101 1 3.1010101010101 9.61626364656668 0 1 6.2020202020202 2.1010101010101 4.30813182328334 9.60671023399317
3.14141414141414 1 3.14141414141414 9.86848280787675 0 1 6.28282828282828 2.14141414141414 4.43424140393837 10.0003304823221
3.18181818181818 1 3.18181818181818 10.1239669421488 0 1 6.36363636363636 2.18181818181818 4.56198347107438 10.404207362885
3.22222222222222 1 3.22222222222222 10.3827160493827 0 1 6.44444444444444 2.22222222222222 4.69135802469136 10.8184727937814
3.26262626262626 1 3.26262626262626 10.6447301295786 0 1 6.52525252525253 2.26262626262626 4.82236506478931 11.2432586931107
3.3030303030303 1 3.3030303030303 10.9100091827365 0 1 6.60606060606061 2.3030303030303 4.95500459136823 11.6786969789725
3.34343434343434 1 3.34343434343434 11.1785532088562 0 1 6.68686868686869 2.34343434343434 5.08927660442812 12.124919569466
3.38383838383838 1 3.38383838383838 11.450362207938 0 1 6.76767676767677 2.38383838383838 5.22518110396898 12.582058382691
3.42424242424242 1 3.42424242424242 11.7254361799816 0 1 6.84848484848485 2.42424242424242 5.36271808999082 13.0502453367467
3.46464646464646 1 3.46464646464646 12.0037751249872 0 1 6.92929292929293 2.46464646464646 5.50188756249362 13.5296123497327
3.50505050505051 1 3.50505050505051 12.2853790429548 0 1 7.01010101010101 2.50505050505051 5.6426895214774 14.0202913397485
3.54545454545455 1 3.54545454545455 12.5702479338843 0 1 7.09090909090909 2.54545454545455 5.78512396694215 14.5224142248936
3.58585858585859 1 3.58585858585859 12.8583817977757 0 1 7.17171717171717 2.58585858585859 5.92919089888787 15.0361129232673
3.62626262626263 1 3.62626262626263 13.1497806346291 0 1 7.25252525252525 2.62626262626263 6.07489031731456 15.5615193529692
3.66666666666667 1 3.66666666666667 13.4444444444444 0 1 7.33333333333333 2.66666666666667 6.22222222222222 16.0987654320988
3.70707070707071 1 3.70707070707071 13.7423732272217 0 1 7.41414141414141 2.70707070707071 6.37118661361086 16.6479830787555
3.74747474747475 1 3.74747474747475 14.0435669829609 0 1 7.49494949494949 2.74747474747475 6.52178349148046 17.2093042110387
3.78787878787879 1 3.78787878787879 14.3480257116621 0 1 7.57575757575758 2.78787878787879 6.67401285583104 17.7828607470481
3.82828282828283 1 3.82828282828283 14.6557494133252 0 1 7.65656565656566 2.82828282828283 6.82787470666259 18.368784604883
3.86868686868687 1 3.86868686868687 14.9667380879502 0 1 7.73737373737374 2.86868686868687 6.9833690439751 18.9672077026429
3.90909090909091 1 3.90909090909091 15.2809917355372 0 1 7.81818181818182 2.90909090909091 7.1404958677686 19.5782619584272
3.94949494949495 1 3.94949494949495 15.5985103560861 0 1 7.8989898989899 2.94949494949495 7.29925517804306 20.2020792903356
3.98989898989899 1 3.98989898989899 15.919293949597 0 1 7.97979797979798 2.98989898989899 7.45964697479849 20.8387916164674
4.03030303030303 1 4.03030303030303 16.2433425160698 0 1 8.06060606060606 3.03030303030303 7.62167125803489 21.488530854922
4.07070707070707 1 4.07070707070707 16.5706560555045 0 1 8.14141414141414 3.07070707070707 7.78532802775227 22.1514289237991
4.11111111111111 1 4.11111111111111 16.9012345679012 0 1 8.22222222222222 3.11111111111111 7.95061728395062 22.827617741198
4.15151515151515 1 4.15151515151515 17.2350780532599 0 1 8.3030303030303 3.15151515151515 8.11753902662993 23.5172292252182
4.19191919191919 1 4.19191919191919 17.5721865115805 0 1 8.38383838383838 3.19191919191919 8.28609325579023 24.2203952939592
4.23232323232323 1 4.23232323232323 17.912559942863 0 1 8.46464646464646 3.23232323232323 8.45627997143148 24.9372478655205
4.27272727272727 1 4.27272727272727 18.2561983471074 0 1 8.54545454545455 3.27272727272727 8.62809917355372 25.6679188580015
4.31313131313131 1 4.31313131313131 18.6031017243138 0 1 8.62626262626263 3.31313131313131 8.80155086215692 26.4125401895017
4.35353535353535 1 4.35353535353535 18.9532700744822 0 1 8.70707070707071 3.35353535353535 8.9766350372411 27.1712437781206
4.39393939393939 1 4.39393939393939 19.3067033976125 0 1 8.78787878787879 3.39393939393939 9.15335169880625 27.9441615419577
4.43434343434343 1 4.43434343434343 19.6634016937047 0 1 8.86868686868687 3.43434343434343 9.33170084685236 28.7314253991124
4.47474747474747 1 4.47474747474747 20.0233649627589 0 1 8.94949494949495 3.47474747474747 9.51168248137945 29.5331672676842
4.51515151515152 1 4.51515151515152 20.386593204775 0 1 9.03030303030303 3.51515151515152 9.69329660238751 30.3495190657725
4.55555555555556 1 4.55555555555556 20.7530864197531 0 1 9.11111111111111 3.55555555555556 9.87654320987654 31.1806127114769
4.5959595959596 1 4.5959595959596 21.1228446076931 0 1 9.19191919191919 3.5959595959596 10.0614223038465 32.0265801228968
4.63636363636364 1 4.63636363636364 21.495867768595 0 1 9.27272727272727 3.63636363636364 10.2479338842975 32.8875532181317
4.67676767676768 1 4.67676767676768 21.8721559024589 0 1 9.35353535353535 3.67676767676768 10.4360779512295 33.7636639152811
4.71717171717172 1 4.71717171717172 22.2517090092848 0 1 9.43434343434343 3.71717171717172 10.6258545046424 34.6550441324444
4.75757575757576 1 4.75757575757576 22.6345270890725 0 1 9.51515151515152 3.75757575757576 10.8172635445363 35.5618257877211
4.7979797979798 1 4.7979797979798 23.0206101418223 0 1 9.5959595959596 3.7979797979798 11.0103050709111 36.4841407992107
4.83838383838384 1 4.83838383838384 23.4099581675339 0 1 9.67676767676768 3.83838383838384 11.204979083767 37.4221210850126
4.87878787878788 1 4.87878787878788 23.8025711662075 0 1 9.75757575757576 3.87878787878788 11.4012855831038 38.3758985632264
4.91919191919192 1 4.91919191919192 24.1984491378431 0 1 9.83838383838384 3.91919191919192 11.5992245689215 39.3456051519514
4.95959595959596 1 4.95959595959596 24.5975920824406 0 1 9.91919191919192 3.95959595959596 11.7987960412203 40.3313727692873
5 1 5 25 0 1 10 4 12 41.3333333333333
