1 0.72678080467823 -0.453021715888306 0
1.09090909090909 0.685710998262516 -0.44926017994196 0.0642015822714482
1.18181818181818 0.64532510747341 -0.437975572102923 0.124695451672779
1.27272727272727 0.60630704793752 -0.419167892371193 0.181574869425802
1.36363636363636 0.569340735281456 -0.392837140746771 0.234995270900202
1.45454545454545 0.535110085131825 -0.358983317229657 0.285174265613534
1.54545454545455 0.504299013115237 -0.317606421819852 0.332391637231232
1.63636363636364 0.477591434858298 -0.268706454517355 0.376989343566597
1.72727272727273 0.455671265987617 -0.212283415322165 0.419371516580809
1.81818181818182 0.439222422129804 -0.148337304234284 0.460004462382918
1.90909090909091 0.428928818911465 -0.0768681212537106 0.499416661229848
2 0.425474371959211 0.00212413361955449 0.538198767526399
2.09090909090909 0.429230713911028 0.0783341217610649 0.57699651248459
2.18181818181818 0.439320345450428 0.141456504546375 0.616432633376512
2.27272727272727 0.454553484272302 0.191491281975484 0.657028802787167
2.36363636363636 0.473740348071541 0.228438454048392 0.699198531273821
2.45454545454545 0.495691154543034 0.252298020765099 0.743247167366001
2.54545454545455 0.519216121381674 0.263069982125606 0.789371897565498
2.63636363636364 0.54312546628235 0.260754338129911 0.837661746346367
2.72727272727273 0.566229406939955 0.245351088778016 0.888097576154923
2.81818181818182 0.587338161049378 0.21686023406992 0.940552087409747
2.90909090909091 0.60526194630551 0.175281774005623 0.99478981850168
3 0.618810980403242 0.120615708585125 1.05046714579383
3.09090909090909 0.627055409788722 0.061439686599885 1.10713819109318
3.18181818181818 0.630105095913122 0.00633135684136063 1.16431980383841
3.27272727272727 0.62832982897887 -0.0447092806904482 1.22155654328772
3.36363636363636 0.622099399188395 -0.0916822259955409 1.27842658599044
3.45454545454545 0.611783596744127 -0.134587479073918 1.33454172578701
3.54545454545455 0.597752211848492 -0.173425039925579 1.38954737380903
3.63636363636364 0.580375034703922 -0.208194908550524 1.4431225584792
3.72727272727273 0.560021855512843 -0.238897084948753 1.49497992551136
3.81818181818182 0.537062464477685 -0.265531569120267 1.5448657379105
3.90909090909091 0.511866651800877 -0.288098361065065 1.59255987597271
4 0.484804207684847 -0.306597460783147 1.63787583728523
4.09090909090909 0.456262300108919 -0.320455401636962 1.68066113167589
4.18181818181818 0.42669760816 -0.329098716988959 1.72080162565737
4.27272727272727 0.39658418870189 -0.332527406839139 1.75822588687137
4.36363636363636 0.366396098598393 -0.330741471187501 1.79290557903815
4.45454545454546 0.336607394713309 -0.323740910034045 1.82485546195648
4.54545454545454 0.30769213391044 -0.311525723378771 1.85413339150367
4.63636363636364 0.280124373053587 -0.294095911221679 1.88084031963553
4.72727272727273 0.254378169006554 -0.27145147356277 1.90512029438644
4.81818181818182 0.230927578633139 -0.243592410402042 1.92716045986926
4.90909090909091 0.210246658797146 -0.210518721739498 1.94719105627541
5 0.192809466362376 -0.172230407575135 1.96548541987484
5.09090909090909 0.179027111588298 -0.130804705851946 1.98235855241135
5.18181818181818 0.169058918317048 -0.088318854512923 1.99815138445158
5.27272727272727 0.163001263786429 -0.044772853558066 2.01321503873387
5.36363636363636 0.160950525234243 -0.000166702987374867 2.02790939956361
5.45454545454545 0.163003079898295 0.0454995971991503 2.04260311281331
5.54545454545455 0.169255305016387 0.0922260470015101 2.05767358592252
5.63636363636364 0.179803577826322 0.140012646419704 2.07350698789786
5.72727272727273 0.194744275565903 0.188859395453731 2.09049824931305
5.81818181818182 0.214173775472935 0.238766294103593 2.10905106230886
5.90909090909091 0.238188454785218 0.289733342369288 2.12957788059314
6 0.266884690740558 0.341760540250818 2.15249991944081
6.09090909090909 0.300056562269016 0.384872043592775 2.17824028527779
6.18181818181818 0.336288955069699 0.409092008239751 2.20714840110403
6.27272727272727 0.373864456533971 0.414420434191745 2.23942443191663
6.36363636363636 0.411065654053199 0.400857321448759 2.27511241429369
6.45454545454545 0.446175135018746 0.368402670010792 2.31410025639437
6.54545454545455 0.47747548682198 0.317056479877844 2.35611973795885
6.63636363636364 0.503249296854264 0.246818751049915 2.40074651030834
6.72727272727273 0.521779152506965 0.157689483527006 2.44740009634509
6.81818181818182 0.531347641171448 0.0496686773091152 2.49534389055239
6.90909090909091 0.530237350239077 -0.0772436676037562 2.54368515899454
7 0.51673086710122 -0.223047551211608 2.5913750393169
7.09090909090909 0.489856872072801 -0.363121907036923 2.6372254974032
7.18181818181818 0.451628417162993 -0.47284566860218 2.68009585060646
7.27272727272727 0.404804647304528 -0.55221883590738 2.71907929097985
7.36363636363636 0.352144707430138 -0.601241408952524 2.75351984193407
7.45454545454545 0.296407742472556 -0.61991338773761 2.78301235823735
7.54545454545455 0.240352897364513 -0.608234772262639 2.80740252601543
7.63636363636364 0.186739317038744 -0.566205562527612 2.82678686275158
7.72727272727273 0.13832614642798 -0.493825758532527 2.84151271728657
7.81818181818182 0.0978725304649529 -0.391095360277386 2.85217826981872
7.90909090909091 0.0681376140823962 -0.258014367762187 2.85963253190385
8 0.0518805422130417 -0.0945827809869322 2.86497534645531
8.09090909090909 0.0510138603269437 0.0712616177799923 2.86953814684709
8.18181818181818 0.064063716043443 0.211581046270206 2.87467230704816
8.27272727272727 0.0887096575192021 0.326375504483704 2.88153749175679
8.36363636363636 0.122631232910882 0.415644992420486 2.89108241550365
8.45454545454545 0.163507990375147 0.479389510080553 2.90404484265187
8.54545454545455 0.209019478068659 0.517609057463908 2.92095158739699
8.63636363636364 0.256845244148079 0.530303634570546 2.94211851376696
8.72727272727273 0.304664836770069 0.517473241400471 2.96765053562217
8.81818181818182 0.350157804091294 0.47911787795368 2.99744161665544
8.90909090909091 0.391003694268415 0.415237544230175 3.03117477039198
9 0.424882055458092 0.325832240229956 3.06832206018947
9.09090909090909 0.449999904773165 0.228308441506768 3.1081565871688
9.18181818181818 0.466674135151165 0.140072623614362 3.14988435745316
9.27272727272727 0.475749108485799 0.0611247865527336 3.19277614940709
9.36363636363636 0.478069186670776 -0.00853506967811347 3.23617950156726
9.45454545454546 0.474478731599802 -0.0689069450781822 3.2795187126425
9.54545454545454 0.465822105166585 -0.11999083964747 3.32229484151382
9.63636363636364 0.452943669264831 -0.161786753385979 3.36408570723435
9.72727272727273 0.436687785788249 -0.194294686293708 3.4045458890294
9.81818181818182 0.417898816630545 -0.217514638370657 3.44340672629642
9.90909090909091 0.397421123685426 -0.231446609616827 3.48047631860503
10 0.3760990688466 -0.236090600032217 3.51563952569699
