-3.53535353535354 -0.999999425030042 -0.999999492046786
-3.5 -0.999999255782864 -0.999999338329936
-3.46464646464646 -0.999999039039327 -0.99999914022129
-3.42929292929293 -0.99999876216259 -0.999998885552656
-3.39393939393939 -0.99999840935139 -0.999998559012116
-3.35858585858586 -0.99999796090159 -0.999998141385763
-3.32323232323232 -0.999997392309418 -0.999997608631005
-3.28787878787879 -0.999996673185925 -0.999996930747722
-3.25252525252525 -0.999995765947099 -0.999996070407699
-3.21717171717172 -0.999994624238372 -0.999994981296058
-3.18181818181818 -0.999993191045819 -0.999993130394864
-3.14646464646465 -0.999991396439117 -0.999991320081246
-3.11111111111111 -0.999989154883418 -0.999989059261268
-3.07575757575758 -0.999986362048407 -0.999986242938809
-3.04040404040404 -0.999982891033269 -0.999982905268073
-3.00505050505051 -0.999978587915773 -0.999978605328713
-2.96969696969697 -0.999973266522498 -0.999973287871362
-2.93434343434343 -0.999966702305212 -0.999966728548361
-2.8989898989899 -0.999958625195805 -0.999958657549739
-2.86363636363636 -0.999948711299053 -0.999948751312702
-2.82828282828283 -0.99993657326895 -0.999936622919307
-2.79292929292929 -0.999921749200756 -0.999921811015597
-2.75757575757576 -0.999903689857377 -0.999903767072221
-2.72222222222222 -0.999881744035671 -0.999881877832557
-2.68686868686869 -0.999855141866082 -0.99985531019569
-2.65151515151515 -0.999822975828138 -0.999823187653911
-2.61616161616162 -0.999784179255317 -0.999784445829825
-2.58080808080808 -0.99973750209616 -0.999737832577337
-2.54545454545455 -0.999681483695036 -0.999681896445453
-2.51010101010101 -0.99961442235622 -0.999614938023987
-2.47474747474747 -0.99953434145987 -0.999534985784646
-2.43939393939394 -0.999438951908786 -0.999439756915875
-2.4040404040404 -0.99932561070142 -0.999326621833238
-2.36868686868687 -0.99919127545032 -0.999192545595512
-2.33333333333333 -0.999032454696977 -0.999034038431526
-2.2979797979798 -0.998845153914585 -0.998847126753902
-2.26262626262626 -0.998624817140514 -0.998627397121165
-2.22727272727273 -0.998366264240813 -0.998369472261239
-2.19191919191919 -0.998063623880543 -0.998067605042847
-2.15656565656566 -0.997710262356455 -0.997710663359028
-2.12121212121212 -0.997298708542794 -0.997298863319693
-2.08585858585859 -0.996820575306663 -0.996820733465259
-2.05050505050505 -0.99626647786621 -0.99626663858746
-2.01515151515152 -0.995625949692108 -0.995626115840297
-1.97979797979798 -0.994887356689522 -0.994887524714193
-1.94444444444444 -0.994037810542431 -0.994037981042115
-1.90909090909091 -0.993063082253055 -0.993063256087763
-1.87373737373737 -0.991947517063942 -0.991947659520628
-1.83838383838384 -0.990673952106227 -0.990674091299957
-1.8030303030303 -0.989223638271577 -0.989223774878358
-1.76767676767677 -0.987576167953805 -0.987576302492894
-1.73232323232323 -0.985709410445034 -0.985709546686076
-1.6969696969697 -0.983599456896399 -0.983658116392539
-1.66161616161616 -0.981220576859949 -0.981220734866307
-1.62626262626263 -0.978545188511921 -0.978545147600319
-1.59090909090909 -0.975543844713016 -0.975543787099975
-1.55555555555556 -0.972185237083945 -0.972185165705311
-1.52020202020202 -0.968436220259604 -0.968436121409957
-1.48484848484848 -0.964261858428532 -0.964261960347411
-1.44949494949495 -0.959625496161775 -0.959625374268162
-1.41414141414141 -0.954488855383832 -0.954488739909167
-1.37878787878788 -0.948812160135343 -0.948812050002927
-1.34343434343434 -0.94255429052116 -0.942554191797544
-1.30808080808081 -0.935672966927879 -0.935672871082722
-1.27272727272727 -0.928124965232609 -0.928124889851489
-1.23737373737374 -0.919866363311727 -0.919866315575978
-1.2020202020202 -0.910852818698151 -0.910852803314242
-1.16666666666667 -0.901039876733133 -0.901039899191511
-1.13131313131313 -0.890383308020225 -0.890383369358724
-1.0959595959596 -0.878839473422723 -0.8788396127692
-1.06060606060606 -0.866365714260773 -0.866365832034753
-1.02525252525253 -0.852920764771044 -0.852920871437125
-0.98989898989899 -0.838465183301918 -0.838465293317776
-0.954545454545455 -0.822961798143123 -0.822961924223464
-0.919191919191919 -0.806376163343748 -0.806376299082281
-0.883838383838384 -0.788677019370124 -0.788677156493217
-0.848484848484849 -0.769836753008643 -0.769836882657709
-0.813131313131313 -0.749831850541437 -0.749831963809695
-0.777777777777778 -0.728643337927386 -0.728643426689625
-0.742424242424242 -0.706257201518693 -0.706257258233073
-0.707070707070707 -0.682664782744147 -0.682664802516877
-0.671717171717172 -0.657863140202495 -0.657863120529483
-0.636363636363636 -0.631855372739107 -0.631855314267095
-0.601010101010101 -0.604650897330097 -0.604650804215763
-0.565656565656566 -0.57626567597138 -0.576265555962353
-0.53030303030303 -0.54672238626403 -0.546722250443684
-0.494949494949495 -0.51605053099735 -0.516050393126875
-0.45959595959596 -0.484286482749602 -0.484286358158671
-0.424242424242424 -0.451473460343289 -0.451473364365535
-0.388888888888889 -0.417661434894016 -0.417661380895503
-0.353535353535354 -0.382906964163949 -0.382906961281736
-0.318181818181818 -0.347272954955018 -0.347273005790063
-0.282828282828283 -0.310828354333887 -0.310828452871861
-0.247474747474747 -0.273647771549436 -0.27364790189213
-0.212121212121212 -0.235811033562635 -0.235811170106466
-0.176767676767677 -0.197402678135992 -0.197402788116726
-0.141414141414141 -0.158511389403701 -0.15851143901573
-0.106060606060606 -0.119229381743089 -0.119229347242847
-0.0707070707070707 -0.0796517385733956 -0.0796516243258211
-0.0353535353535354 -0.039875713401446 -0.0398755789545793
0 9.99999971718069E-10 0
0.0353535353535354 0.039875713401446 0.0398755789545793
0.0707070707070707 0.0796517385733956 0.0796516243258211
0.106060606060606 0.119229381743089 0.119229347242847
0.141414141414141 0.158511389403701 0.15851143901573
0.176767676767677 0.197402678135992 0.197402788116726
0.212121212121212 0.235811033562635 0.235811170106466
0.247474747474747 0.273647771549436 0.27364790189213
0.282828282828283 0.310828354333887 0.310828452871861
0.318181818181818 0.347272954955018 0.347273005790063
0.353535353535354 0.382906964163949 0.382906961281736
0.388888888888889 0.417661434894016 0.417661380895503
0.424242424242424 0.451473460343289 0.451473364365535
0.45959595959596 0.484286482749602 0.484286358158671
0.494949494949495 0.51605053099735 0.516050393126875
0.53030303030303 0.54672238626403 0.546722250443684
0.565656565656566 0.57626567597138 0.576265555962353
0.601010101010101 0.604650897330097 0.604650804215763
0.636363636363636 0.631855372739107 0.631855314267095
0.671717171717172 0.657863140202495 0.657863120529483
0.707070707070707 0.682664782744147 0.682664802516877
0.742424242424242 0.706257201518693 0.706257258233073
0.777777777777778 0.728643337927386 0.728643426689625
0.813131313131313 0.749831850541437 0.749831963809695
0.848484848484849 0.769836753008643 0.769836882657709
0.883838383838384 0.788677019370124 0.788677156493217
0.919191919191919 0.806376163343748 0.806376299082281
0.954545454545455 0.822961798143123 0.822961924223464
0.98989898989899 0.838465183301918 0.838465293317776
1.02525252525253 0.852920764771044 0.852920871437125
1.06060606060606 0.866365714260773 0.866365832034753
1.0959595959596 0.878839473422723 0.8788396127692
1.13131313131313 0.890383308020225 0.890383369358724
1.16666666666667 0.901039876733133 0.901039899191511
1.2020202020202 0.910852818698151 0.910852803314242
1.23737373737374 0.919866363311727 0.919866315575978
1.27272727272727 0.928124965232609 0.928124889851489
1.30808080808081 0.935672966927879 0.935672871082722
1.34343434343434 0.94255429052116 0.942554191797544
1.37878787878788 0.948812160135343 0.948812050002927
1.41414141414141 0.954488855383832 0.954488739909167
1.44949494949495 0.959625496161775 0.959625374268162
1.48484848484848 0.964261858428532 0.964261960347411
1.52020202020202 0.968436220259604 0.968436121409957
1.55555555555556 0.972185237083945 0.972185165705311
1.59090909090909 0.975543844713016 0.975543787099975
1.62626262626263 0.978545188511921 0.978545147600319
1.66161616161616 0.981220576859949 0.981220734866307
1.6969696969697 0.983599456896399 0.983658116392539
1.73232323232323 0.985709410445034 0.985709546686076
1.76767676767677 0.987576167953805 0.987576302492894
1.8030303030303 0.989223638271577 0.989223774878358
1.83838383838384 0.990673952106227 0.990674091299957
1.87373737373737 0.991947517063942 0.991947659520628
1.90909090909091 0.993063082253055 0.993063256087763
1.94444444444444 0.994037810542431 0.994037981042115
1.97979797979798 0.994887356689522 0.994887524714193
2.01515151515152 0.995625949692108 0.995626115840297
2.05050505050505 0.99626647786621 0.99626663858746
2.08585858585859 0.996820575306663 0.996820733465259
2.12121212121212 0.997298708542794 0.997298863319693
2.15656565656566 0.997710262356455 0.997710663359028
2.19191919191919 0.998063623880543 0.998067605042847
2.22727272727273 0.998366264240813 0.998369472261239
2.26262626262626 0.998624817140514 0.998627397121165
2.2979797979798 0.998845153914585 0.998847126753902
2.33333333333333 0.999032454696977 0.999034038431526
2.36868686868687 0.99919127545032 0.999192545595512
2.4040404040404 0.99932561070142 0.999326621833238
2.43939393939394 0.999438951908786 0.999439756915875
2.47474747474747 0.99953434145987 0.999534985784646
2.51010101010101 0.99961442235622 0.999614938023987
2.54545454545455 0.999681483695036 0.999681896445453
2.58080808080808 0.99973750209616 0.999737832577337
2.61616161616162 0.999784179255317 0.999784445829825
2.65151515151515 0.999822975828138 0.999823187653911
2.68686868686869 0.999855141866082 0.99985531019569
2.72222222222222 0.999881744035671 0.999881877832557
2.75757575757576 0.999903689857377 0.999903767072221
2.79292929292929 0.999921749200756 0.999921811015597
2.82828282828283 0.99993657326895 0.999936622919307
2.86363636363636 0.999948711299053 0.999948751312702
2.8989898989899 0.999958625195805 0.999958657549739
2.93434343434343 0.999966702305212 0.999966728548361
2.96969696969697 0.999973266522498 0.999973287871362
3.00505050505051 0.999978587915773 0.999978605328713
3.04040404040404 0.999982891033269 0.999982905268073
3.07575757575758 0.999986362048407 0.999986242938809
3.11111111111111 0.999989154883418 0.999989059261268
3.14646464646465 0.999991396439117 0.999991320081246
3.18181818181818 0.999993191045819 0.999993130394864
3.21717171717172 0.999994624238372 0.999994981296058
3.25252525252525 0.999995765947099 0.999996070407699
3.28787878787879 0.999996673185925 0.999996930747722
3.32323232323232 0.999997392309418 0.999997608631005
3.35858585858586 0.99999796090159 0.999998141385763
3.39393939393939 0.99999840935139 0.999998559012116
3.42929292929293 0.99999876216259 0.999998885552656
3.46464646464646 0.999999039039327 0.99999914022129
3.5 0.999999255782864 0.999999338329936
