10 0.01 -0.499986763702092
10 0.02 -0.499949272460054
10 0.03 -0.499886798720621
10 0.04 -0.49979941984383
10 0.05 -0.499687148171549
10 0.06 -0.499550008988084
10 0.07 -0.499388164846699
10 0.08 -0.499201799917121
10 0.09 -0.49899081300541
10 0.1 -0.498755453842486
10 0.11 -0.498495671671019
10 0.12 -0.498212021318415
10 0.13 -0.497904208637673
10 0.14 -0.497572854668074
10 0.15 -0.497217766305086
10 0.16 -0.496839405026355
10 0.17 -0.496437753883145
10 0.18 -0.496013349406779
10 0.19 -0.495566152153026
10 0.2 -0.495096746302709
