0.05 0.0950655624064548 0.0336263911264214 0.0193726571199478
0.1 0.180862082089491 0.0639111575757035 0.0368133371987296
0.15 0.258067372825596 0.091040302884435 0.0524233969910493
0.2 0.327315183234878 0.115191663315253 0.0663003191623985
0.25 0.389197888793722 0.13653521599263 0.0785378302333351
0.3 0.444269028206069 0.155233384024141 0.0892260193425108
0.35 0.493045658560392 0.171441335833652 0.0984514626622014
0.4 0.53601062743305 0.185307259084605 0.106297327671596
0.45 0.573614652332487 0.196972639595712 0.112843488535677
0.5 0.60627832312082 0.206572524833085 0.118166632938673
0.55 0.634393959684338 0.21423577130755 0.122340362990808
0.6 0.658327373840567 0.220085296361591 0.125435299956402
0.65 0.678419517324391 0.224238309210191 0.127519179447551
0.7 0.694988039929117 0.226806538356166 0.128656947277954
0.75 0.708328746278222 0.227896452505378 0.128910852585403
0.8 0.718716978717421 0.227609470288062 0.12834053713703
0.85 0.72640889997585 0.226042161871937 0.12700312268579
0.9 0.731642717203869 0.223286447946146 0.1249532956549
0.95 0.734639817271166 0.219429785584195 0.122243388187428
1 0.735605845109014 0.214555350979761 0.118923459707215
1.05 0.734731710393675 0.208742216110711 0.115041373250926
1.1 0.732194536255954 0.20206551371958 0.110642869878041
1.15 0.728158548331827 0.194596602896634 0.105771643501803
1.2 0.722775913884653 0.18640322350739 0.100469409821918
1.25 0.716187525208252 0.177549647511663 0.0947759756050205
1.3 0.708523737056246 0.168096823977679 0.0887293059734475
1.35 0.699905061352019 0.158102518071638 0.0823655873341596
1.4 0.690442815106949 0.147621445729368 0.0757192921432812
1.45 0.680239732142719 0.136705402253125 0.0688232376180856
1.5 0.669390532101527 0.125403388622399 0.0617086465841347
1.55 0.65798246148636 0.113761728238013 0.0544052023778422
1.6 0.646095796843641 0.101824184766194 0.0469411071898332
1.65 0.633804314345657 0.0896320705893405 0.03934313311194
1.7 0.621175733700146 0.0772243554059243 0.0316366759862212
1.75 0.608272136295597 0.0646377671397136 0.0238458048506052
1.8 0.595150348325738 0.0519068919692539 0.0159933111091822
1.85 0.5818623129539 0.0390642677900531 0.00810075668542222
1.9 0.568455424717087 0.0261404759446182 0.000188519489222372
1.95 0.554972852978836 0.0131642283660799 -0.00772416209579152
2 0.541453839116316 0.000162452681037211 -0.015619146864033
2.05 0.527933980990836 -0.0128396279641929 -0.023479346613894
2.1 0.514445488979422 -0.0258184154055808 -0.0312886884693282
2.15 0.501017439411557 -0.0387518646752009 -0.0390320731570258
2.2 0.487675993846472 -0.0516194094043284 -0.0466953390447545
2.25 0.474444622296055 -0.0644018943541949 -0.0542652240988701
2.3 0.461344299482536 -0.0770815086430211 -0.0617293313035777
2.35 0.448393696848824 -0.0896417225717368 -0.0690760922068291
2.4 0.435609349521489 -0.102067226631423 -0.0762947366733737
2.45 0.423005826167163 -0.114343872926084 -0.083375257825418
2.5 0.410595878422473 -0.126458618135204 -0.0903083818121379
2.55 0.398390589508017 -0.138399470105814 -0.0970855380774698
2.6 0.386399496260048 -0.150155436126428 -0.103698829066992
2.65 0.374630724570386 -0.161716474716473 -0.110141002854692
2.7 0.363091092242437 -0.173073444020386 -0.116405425214016
2.75 0.351786230854082 -0.184218061596166 -0.122486053789198
2.8 0.340720674849326 -0.195142854677529 -0.128377411850035
2.85 0.329897959996795 -0.205841123366871 -0.134074564044839
2.9 0.319320706255235 -0.216306897348365 -0.139573092313428
2.95 0.308990703513732 -0.226534899176474 -0.144869072327464
3 0.298908981309367 -0.236520505352438 -0.149959052512674
3.05 0.289075884701246 -0.246259712832737 -0.154840030739089
3.1 0.279491131192584 -0.255749103615637 -0.159509434857032
3.15 0.270153877759843 -0.264985813913375 -0.163965102617106
3.2 0.261062770934431 -0.273967502071965 -0.168205260651879
3.25 0.252216003960443 -0.282692318567553 -0.172228508375783
3.3 0.243611358014061 -0.291158878280616 -0.176033797264211
3.35 0.235246253573411 -0.299366233852515 -0.179620414870759
3.4 0.227117782737663 -0.307313848194056 -0.182987968377866
3.45 0.219222755855174 -0.315001571766803 -0.186136366811468
3.5 0.211557729196073 -0.322429615930885 -0.189065806380868
3.55 0.204119040992268 -0.329598533063293 -0.191776755943845
3.6 0.19690284005823 -0.336509193209371 -0.194269941108293
3.65 0.189905113856734 -0.343162764571616 -0.196546331017913
3.7 0.183121708762292 -0.349560692909551 -0.198607124943963
3.75 0.176548360499414 -0.355704682615667 -0.200453738728548
3.8 0.170180709839106 -0.361596679830215 -0.202087792854943
3.85 0.164014323361201 -0.367238854280465 -0.20351110032069
3.9 0.158044711810015 -0.372633582862259 -0.204725653897628
3.95 0.152267343365536 -0.377783435428737 -0.205733616690369
4 0.146677661229396 -0.382691158161731 -0.206537310527537
4.05 0.141271098068495 -0.387359661378182 -0.207139204931869
4.1 0.136043083983672 -0.391792004086726 -0.207541908805412
4.15 0.130989058313441 -0.395991383363428 -0.207748159468453
4.2 0.126104482967058 -0.399961119758663 -0.207760813856513
4.25 0.121384847439901 -0.403704648192732 -0.20758284061223
4.3 0.116825679670271 -0.407225505568611 -0.20721731015513
4.35 0.112422549857026 -0.410527320419513 -0.206667387070667
4.4 0.108171079715636 -0.413613804087001 -0.205936323231131
4.45 0.104066946676311 -0.416488739661392 -0.205027449584993
4.5 0.100105889753898 -0.419155974801655 -0.203944168073473
4.55 0.096283712306077 -0.421619412367811 -0.20268994682904
4.6 0.0925962881964515 -0.423883002352072 -0.201268311674915
4.65 0.0890395616500316 -0.425950734971327 -0.19968284085605
4.7 0.0856095538682913 -0.427826632763609 -0.19793715903251
4.75 0.0823023624802916 -0.429514745321757 -0.196034931331284
4.8 0.0791141640058497 -0.431019141194987 -0.193979856334138
4.85 0.0760412171671537 -0.432343903611467 -0.191775664090955
4.9 0.0730798617797244 -0.433493122652148 -0.189426108586496
4.95 0.0702265201565882 -0.434470891855181 -0.186934963216425
5 0.067477699962381 -0.435281303165738 -0.184306016826394
5.05 0.0648299905986987 -0.435928440832377 -0.18154306871537
5.1 0.0622800666383771 -0.43641637881886 -0.178649926068284
5.15 0.0598246871595568 -0.43674917448764 -0.17563039713581
5.2 0.0574606937143811 -0.436930866665704 -0.172488289892802
5.25 0.0551850115841146 -0.436965471703696 -0.169227407687332
5.3 0.0529946480642754 -0.43685697957997 -0.165851545444712
5.35 0.0508866937045281 -0.436609350781031 -0.162364487157808
5.4 0.0488583195391899 -0.436226512995499 -0.158770002139124
5.45 0.0469067757795036 -0.435712360514142 -0.155071842787042
5.5 0.0450293913310317 -0.435070749022277 -0.151273741054323
5.55 0.0432235748401075 -0.434305495167206 -0.147379406777471
5.6 0.0414868091872118 -0.433420373340484 -0.143392524230982
5.65 0.0398166552581923 -0.432419113578939 -0.139316749964276
5.7 0.0382107438972197 -0.431305401464661 -0.135155711949296
5.75 0.0366667814035846 -0.430082874133453 -0.130913005905982
5.8 0.0351825442515756 -0.428755121416627 -0.126592193715252
5.85 0.0337558797367964 -0.427325681583122 -0.122196802268772
5.9 0.0323847003506867 -0.425798042525189 -0.117730322005661
5.95 0.0310669884217389 -0.424175638873967 -0.113196203488449
6 0.0298007880542634 -0.422461853232876 -0.108597858118393
6.05 0.0285842091640475 -0.420660013116303 -0.103938655355144
6.1 0.027415423507325 -0.418773390732342 -0.0992219219383462
6.15 0.0262926624206393 -0.4168052038364 -0.0944509408577052
6.2 0.0252142146511369 -0.414758612774118 -0.0896289500527017
6.25 0.0241784292121059 -0.412636722219012 -0.0847591409087214
6.3 0.0231837094802335 -0.410442579839489 -0.0798446586437082
6.35 0.0222285134935497 -0.408179174962448 -0.0748886004999998
6.4 0.021311351473964 -0.405849440833334 -0.0698940152552647
6.45 0.0204307846920954 -0.403456252391335 -0.0648639021429616
6.5 0.0195854250748943 -0.401002427766129 -0.0598012109087356
6.55 0.0187739334872595 -0.398490726603147 -0.0547088412289812
6.6 0.0179950158437251 -0.395923851346586 -0.0495896412506663
6.65 0.0172474249083796 -0.393304447169342 -0.0444464084120197
6.7 0.0165299574042128 -0.390635101988892 -0.0392818883020753
6.75 0.0158414532318562 -0.387918346501616 -0.0340987750918722
6.8 0.0151807932484872 -0.385156654196624 -0.028899710357152
6.85 0.0145468996494333 -0.382352443673139 -0.0236872837496069
6.9 0.0139387322350313 -0.379508076190195 -0.0184640324465817
6.95 0.0133552897631037 -0.376625857821091 -0.0132324409675122
7 0.0127956055515966 -0.373708039754482 -0.00799494149023653
7.05 0.0122587511898204 -0.37075681781902 -0.00275391355991827
7.1 0.0117438306114518 -0.367774333772266 0.0024883158548125
7.15 0.0112499808970975 -0.36476267673801 0.00772947221028241
7.2 0.0107763705760655 -0.361723881267657 0.0129673330432365
7.25 0.0103222013172981 -0.35865993055067 0.0181997281767636
7.3 0.00988670264830412 -0.355572755058966 0.0234245390349729
7.35 0.00946913422594463 -0.35246423478489 0.0286396993777063
7.4 0.00906878200073318 -0.349336197739171 0.033843193769514
7.45 0.00868496000226784 -0.3461904242241 0.0390330581602068
7.5 0.00831700766578403 -0.343028642350744 0.0442073798406472
7.55 0.00796429137767918 -0.339852533864766 0.0493642956975833
7.6 0.0076261982098234 -0.336663731294031 0.0545019936264102
7.65 0.00730214162741178 -0.333463821537035 0.059618710758887
7.7 0.00699155638027379 -0.330254343386059 0.0647127339650179
7.75 0.00669389905354955 -0.327036790868324 0.0697823985658937
7.8 0.00640864760794384 -0.323812611984758 0.0748260886512573
7.85 0.00613530014797051 -0.320583212080736 0.0798422366135275
7.9 0.00587337307685527 -0.317349952163909 0.0848293215341056
7.95 0.00562240257975186 -0.314114150138268 0.0897858707425902
8 0.00538194374653723 -0.310877082432248 0.0947104567633755
8.05 0.00515156760183277 -0.307639983736099 0.0996016993319028
8.1 0.00493086235929912 -0.30440404904 0.104458262700621
8.15 0.0047194325329212 -0.301170432978083 0.109278856658197
8.2 0.00451689874182219 -0.297940251676356 0.11406223510766
8.25 0.004322895946604 -0.294714582389107 0.118807195530359
8.3 0.00413707363751469 -0.291494465801272 0.123512579111958
8.35 0.00395909504752719 -0.288280905346206 0.128177268841191
8.4 0.00378863732478337 -0.28507486868755 0.132800190821483
8.45 0.00362539056346396 -0.281877288342176 0.137380311177586
8.5 0.00346905617799473 -0.278689061986538 0.141916638591051
8.55 0.00331934795832869 -0.275511054244388 0.146408220229153
8.6 0.00317599209529335 -0.27234409565973 0.15085414396386
8.65 0.00303872517328782 -0.26918898615144 0.155253535926864
8.7 0.00290729345289718 -0.266046492780891 0.15960556106652
8.75 0.00278145408306076 -0.262917351762121 0.163909421937777
8.8 0.00266097499687885 -0.259802269383875 0.168164357586706
8.85 0.00254563261786809 -0.256701922992912 0.172369644094291
8.9 0.00243521195721276 -0.253616960318928 0.1765245935542
8.95 0.00232950752345864 -0.250548001609188 0.180628552729094
9 0.00222832154781504 -0.247495639957666 0.184680903106336
9.05 0.0021314654164739 -0.244460440713189 0.188681059806165
9.1 0.00203875666617504 -0.241442944528608 0.192628471565777
9.15 0.00195002175120728 -0.238443665179693 0.196522619865363
9.2 0.00186509286233455 -0.235463092659213 0.200363017745422
9.25 0.00178381016422165 -0.232501692099836 0.204149209839029
9.3 0.00170602016239672 -0.229559905724401 0.207880771458548
9.35 0.00163157517636882 -0.226638151908485 0.21155730858766
9.4 0.00156033422408508 -0.223736827846417 0.215178455951037
9.45 0.00149216199397022 -0.220856308026467 0.218743877905173
9.5 0.00142692779479245 -0.217996946549608 0.222253266276532
9.55 0.00136450802673936 -0.215159076379508 0.225706341148125
9.6 0.00130478330954028 -0.212343010402684 0.229102849890622
9.65 0.0012476384548158 -0.20954904251481 0.232442565697613
9.7 0.00119296443227847 -0.206777447972173 0.235725288026606
9.75 0.00114065621966594 -0.204028482395796 0.2389508414155
9.8 0.00109061198712364 -0.20130238463375 0.242119075416438
9.85 0.00104273691832399 -0.198599375757441 0.245229863425515
9.9 0.000996938048733274 -0.195919659536237 0.248283102572321
9.95 0.000953126180502143 -0.193263424679114 0.251278712662784
10 0.000911216662726984 -0.19063084304488 0.254216636534913
10.05 0.000871128394364538 -0.188022071262451 0.25709683824576
10.1 0.000832782857727011 -0.185437251315531 0.25991930291341
10.15 0.000796106258034378 -0.182876510848351 0.262684037594532
10.2 0.000761025576745075 -0.18033996308331 0.265391068367395
10.25 0.000727473220922514 -0.177827708249205 0.268040441593497
10.3 0.000695383818022337 -0.175339832840245 0.270632222361001
10.35 0.000664694557314298 -0.172876411052207 0.27316649492044
10.4 0.000635344189522683 -0.170437504957875 0.275643361318974
10.45 0.000607276298792622 -0.168023164196545 0.278062941200377
10.5 0.000580435078255745 -0.165633427479689 0.280425371382152
10.55 0.00055476793698429 -0.163268322323473 0.282730804976511
10.6 0.000530223090364458 -0.16092786487406 0.284979411842056
10.65 0.000506752833576515 -0.158612062163411 0.287171377105947
10.7 0.000484311366083346 -0.156320910723925 0.289306901014107
10.75 0.000462853686909563 -0.154054397293224 0.29138619823947
10.8 0.000442336152763799 -0.151812499588178 0.293409498146443
10.85 0.000422719737070193 -0.14959518625175 0.295377043739906
10.9 0.000403964613097419 -0.147402417221207 0.297289091457931
10.95 0.000386034347119142 -0.145234144381314 0.29914591008476
11 0.000368891908873876 -0.143090311578068 0.300947781829066
11.05 0.000352502859414091 -0.140970854825818 0.302694999842482
11.1 0.000336834994176537 -0.13887570314792 0.30438787011817
11.15 0.000321857957259305 -0.136804778646413 0.306026708404375
11.2 0.00030754013267065 -0.134757996058143 0.307611842179567
11.25 0.000293853426526021 -0.132735264256742 0.309143608826337
11.3 0.00028077002087678 -0.130736485047314 0.310622356341449
11.35 0.000268264118661964 -0.128761555308706 0.31204844173069
11.4 0.000256310614889907 -0.126810366010227 0.313422231624279
11.45 0.000244885512388073 -0.124882801769764 0.314744101551866
11.5 0.000233964639801371 -0.122978743188399 0.316014434844609
11.55 0.000223526235878631 -0.12109806509466 0.317233624159007
11.6 0.000213549559036 -0.11924063805959 0.318402068819552
11.65 0.000204015045841607 -0.117406327478403 0.319520176299438
11.7 0.000194902284285349 -0.115594995684818 0.32058836041821
11.75 0.00018619284921183 -0.113806499262802 0.321607042668226
11.8 0.000177869195834983 -0.112040692426082 0.322576650534608
11.85 0.000169914916247961 -0.110297425108982 0.323497617916323
11.9 0.000162313843525925 -0.108576544040672 0.324370383947372
11.95 0.000155050134823577 -0.106877891957045 0.325195393716567
12 0.000148107908590127 -0.105201309559909 0.325973097515333
12.05 0.000141474337039526 -0.103546633208503 0.326703951190977
12.1 0.000135135633190839 -0.101913698220627 0.327388413514767
12.15 0.000129078876692544 -0.100302336384412 0.328026949274026
12.2 0.000123291339175995 -0.0987123770225648 0.328620025977324
12.25 0.00011776117831874 -0.0971436466302901 0.329168116634443
12.3 0.000112476788127249 -0.0955959711434859 0.329671696146905
12.35 0.000107428649048704 -0.0940691734257383 0.330131243556932
12.4 0.000102605235380889 -0.0925630749558575 0.330547240870781
12.45 9.79966067620525E-05 -0.0910774954973184 0.330920172888962
12.5 9.35930304922176E-05 -0.0896122529546227 0.331250526923419
12.55 8.93864712723668E-05 -0.0881671642950728 0.331538792737624
12.6 8.53676485170176E-05 -0.0867420453763146 0.331785461720632
12.65 8.15284610857985E-05 -0.0853367103289596 0.331991027581058
12.7 7.78598721368289E-05 -0.0839509722279288 0.332155985728852
12.75 7.43561620105207E-05 -0.0825846434472686 0.332280832504174
12.8 7.10088786219556E-05 -0.0812375356856679 0.332366065999317
12.85 6.78113716069817E-05 -0.0799094601735201 0.332412185501782
12.9 6.47564295261999E-05 -0.0786002272051164 0.332419690450237
12.95 6.1838811910197E-05 -0.0773096463254934 0.332389081349825
13 5.90514526814657E-05 -0.0760375267129057 0.332320859388098
13.05 5.63894875288306E-05 -0.074783677963968 0.332215525817655
13.1 5.38457699922778E-05 -0.0735479087399133 0.332073581679555
13.15 5.14167145016773E-05 -0.0723300283331626 0.331895528497509
13.2 4.90965752450332E-05 -0.0711298450446878 0.331681866936958
13.25 4.68802873277855E-05 -0.0699471676427517 0.331433097928935
13.3 4.47626992786386E-05 -0.0687818052763643 0.331149721350146
13.35 4.27411776099149E-05 -0.0676335671257093 0.330832236650872
13.4 4.08094796695776E-05 -0.0665022622559962 0.330481142378883
13.45 3.89647431436745E-05 -0.0653877003881769 0.330096936114473
13.5 3.72028540155667E-05 -0.0642896913403124 0.329680114182824
13.55 3.55203120030303E-05 -0.0632080460392077 0.329231171886127
13.6 3.3912886076224E-05 -0.0621425757407511 0.328750602349494
13.65 3.23781592371541E-05 -0.0610930916161613 0.328238898234055
13.7 3.09116220529003E-05 -0.0600594062942835 0.327696549920663
13.75 2.95118420638682E-05 -0.0590413326697461 0.327124046049487
13.8 2.81747851980405E-05 -0.0580386844930339 0.326521873252396
13.85 2.6897774909211E-05 -0.0570512762078845 0.325890516874799
13.9 2.56781227543015E-05 -0.0560789236174625 0.325230458966325
13.95 2.45143663519223E-05 -0.0551214421643529 0.324542180772872
14 2.34025487759412E-05 -0.0541786497444123 0.323826159857035
14.05 2.23413137768055E-05 -0.0532503639177195 0.323082872031888
14.1 2.13274863408482E-05 -0.0523364038195653 0.32231279059811
14.15 2.03597799953741E-05 -0.051436589631062 0.321516386405201
14.2 1.94354013762457E-05 -0.0505507429314881 0.320694127122583
14.25 1.85534209213499E-05 -0.0496786859859894 0.319846477850984
14.3 1.77107566910871E-05 -0.0488202423272357 0.318973900652303
14.35 1.69065035232883E-05 -0.0479752364598638 0.318076855372399
14.4 1.61381693644281E-05 -0.0471434943300931 0.317155797725242
14.45 1.54056193783113E-05 -0.0463248428625774 0.316211181763528
14.5 1.47057336394155E-05 -0.045519110648964 0.31524345669274
14.55 1.40374203929924E-05 -0.0447261269419686 0.31425307013633
14.6 1.33987929428826E-05 -0.0439457225442774 0.313240465268789
14.65 1.27897319550268E-05 -0.0431777299677645 0.312206082457745
14.7 1.22077136696158E-05 -0.0424219830355931 0.311150358307195
14.75 1.16523208292547E-05 -0.0416783164951022 0.310073726332185
14.8 1.11211807764179E-05 -0.0409465663178225 0.308976616472924
14.85 1.06148151745186E-05 -0.0402265705027493 0.307859454872528
14.9 1.01315914107578E-05 -0.0395181677122904 0.306722664270334
14.95 9.6701655525417E-06 -0.0388211993209972 0.305566663814655
15 9.2290659222062E-06 -0.0381355067506836 0.304391868870725
15.05 8.80845132705542E-06 -0.0374609327609393 0.30319869064497
15.1 8.40665762332959E-06 -0.0367973228812996 0.301987537594271
15.15 8.02287657441354E-06 -0.0361445229684764 0.300758813276477
15.2 7.65645363075074E-06 -0.0355023809959357 0.299512918046839
15.25 7.30702110649727E-06 -0.0348707463165657 0.298250247998495
15.3 6.97317878721044E-06 -0.0342494694070523 0.296971195879119
15.35 6.65452516506608E-06 -0.0336384019356283 0.295676149637494
15.4 6.35077539825372E-06 -0.0330373984132768 0.294365493974065
15.45 6.06092285139118E-06 -0.0324463135893989 0.293039609649679
15.5 5.78393590974082E-06 -0.0318650040264209 0.291698872834816
15.55 5.51958514962861E-06 -0.0312933278734731 0.290343656293146
15.6 5.26684567553788E-06 -0.0307311444252614 0.288974328496632
15.65 5.02645948220884E-06 -0.0301783154754484 0.287591253393143
15.7 4.79683342885282E-06 -0.0296347035490183 0.286194791348925
15.75 4.57722007389204E-06 -0.0291001723502015 0.284785298899768
15.8 4.36738267592115E-06 -0.0285745877064621 0.283363127925779
15.85 4.16841573064232E-06 -0.0280578167069571 0.281928626492089
15.9 3.97791811237431E-06 -0.0275497278075708 0.280482138213774
15.95 3.7961918223122E-06 -0.0270501917050306 0.279024003102155
16 3.622643850906E-06 -0.0265590793988395 0.277554557022958
16.05 3.45672771132664E-06 -0.0260762643789729 0.276074130775398
16.1 3.29891103254947E-06 -0.0256016211358564 0.274583052051929
16.15 3.14844390828983E-06 -0.0251350255773265 0.273081644167432
16.2 3.00419708076337E-06 -0.0246763547287069 0.271570225879471
16.25 2.86657373983497E-06 -0.0242254886541402 0.270049112374316
16.3 2.73562461267006E-06 -0.0237823067017471 0.268518614210005
16.35 2.61043835985628E-06 -0.0233466912454756 0.266979038085462
16.4 2.49156187553971E-06 -0.0229185257182033 0.265430686273338
16.45 2.37713553081816E-06 -0.0224976943337465 0.263873857614175
16.5 2.26800394950292E-06 -0.0220840838374314 0.262308845615026
16.55 2.16404695203124E-06 -0.0216775816302067 0.260735941263863
16.6 2.06482943780757E-06 -0.0212780762946763 0.259155430467175
16.65 1.96984166487742E-06 -0.0208854586050264 0.257567594601794
16.7 1.87939739864339E-06 -0.0204996206452162 0.255972711696907
16.75 1.79238046887202E-06 -0.0201204548193223 0.254371055795769
16.8 1.7103068552187E-06 -0.0197478567118195 0.252762896525239
16.85 1.63145890915418E-06 -0.0193817215793803 0.251148499389863
16.9 1.55596704780725E-06 -0.0190219466450668 0.249528126191802
16.95 1.48443653787427E-06 -0.0186684306356278 0.247902034572449
17 1.41604344841617E-06 -0.0183210740564798 0.246270478097433
17.05 1.35023430897023E-06 -0.0179797772979528 0.244633706535957
17.1 1.28836993453127E-06 -0.0176444442190679 0.242991965118459
17.15 1.22907690865326E-06 -0.0173149773570253 0.24134549603743
17.2 1.1724571186301E-06 -0.016991282617982 0.239694536599937
17.25 1.11883596842759E-06 -0.016673266582757 0.238039321439855
17.3 1.06740793206033E-06 -0.0163608370431622 0.236380079835367
17.35 1.01842722414145E-06 -0.0160539024244309 0.234717037760833
17.4 9.72221924777098E-07 -0.0157523736174018 0.233050418138222
17.45 9.27719651670202E-07 -0.0154561620845731 0.23138043896782
17.5 8.8522633720041E-07 -0.0151651802942433 0.229707314611759
17.55 8.44987008786328E-07 -0.0148793425516192 0.228031256030577
17.6 8.06282237851995E-07 -0.014598563577404 0.226352470451192
17.65 7.69470375204076E-07 -0.0143227600039883 0.224671161121666
17.7 7.34685344663495E-07 -0.0140518492716409 0.222987527572845
17.75 7.01037226078458E-07 -0.0137857499689735 0.221301765440088
17.8 6.68684800299752E-07 -0.0135243822275773 0.219614067003628
17.85 6.3780216091771E-07 -0.0132676668506756 0.217924620809837
17.9 6.0863098224547E-07 -0.0130155258499105 0.216233612181323
17.95 5.80401608654255E-07 -0.0127678826044791 0.214541221846634
18 5.53256976535597E-07 -0.0125246617227904 0.212847627754948
18.05 5.2737607510395E-07 -0.0122857881174925 0.21115300404185
18.1 5.03092037753999E-07 -0.0120511891823742 0.20945752165029
18.15 4.79411136329967E-07 -0.0118207917417717 0.207761347753651
18.2 4.57087781721653E-07 -0.0115945249477083 0.206064645535039
18.25 4.35549165273002E-07 -0.0113723180615845 0.204367575715914
18.3 4.15152689836897E-07 -0.0111541021676501 0.202670295028697
18.35 3.95451773304857E-07 -0.0109398087031106 0.200972957091179
18.4 3.7690092384794E-07 -0.0107293708869086 0.199275711867093
18.45 3.59450761865712E-07 -0.0105227220983837 0.197578705899518
18.5 3.43290404209928E-07 -0.0103197974026208 0.195882083026717
18.55 3.27272188985663E-07 -0.0101205324643604 0.194185983000652
18.6 3.11802422888349E-07 -0.00992486396005104 0.192490543368937
18.65 2.97403286528629E-07 -0.00973272959028663 0.19079589703324
18.7 2.84154357979095E-07 -0.00954406778040989 0.189102175523148
18.75 2.71139169462224E-07 -0.00935881803084042 0.187409505178291
18.8 2.58538634542892E-07 -0.00917692093453348 0.185718010844787
18.85 2.46631778139709E-07 -0.00899831797622378 0.18402781367602
18.9 2.3555614202567E-07 -0.00882295121048994 0.182339031050441
18.95 2.25157138627093E-07 -0.00865076393228257 0.180651778621874
19 2.14994821466363E-07 -0.00848169980601209 0.178966168051512
19.05 2.04832324113628E-07 -0.00831570379311494 0.177282308210215
19.1 1.94964196170175E-07 -0.00815272183562988 0.175600305065717
19.15 1.86211899081653E-07 -0.00799270022890163 0.173920262178366
19.2 1.78019930727483E-07 -0.00783558632786161 0.17224227891325
19.25 1.69475652898745E-07 -0.00768132837844786 0.170566452945048
19.3 1.61238661999021E-07 -0.00752987556427962 0.168892878538928
19.35 1.53198558676377E-07 -0.00738117732596761 0.167221647187781
19.4 1.46316812267626E-07 -0.00723518443017385 0.165552847770932
19.45 1.40132888077827E-07 -0.00709184816247735 0.163886566445343
19.5 1.33235374480255E-07 -0.00695112066011146 0.162222886012848
19.55 1.26313058665144E-07 -0.00681295418985757 0.160561887258408
19.6 1.20925413817116E-07 -0.0066773028223313 0.158903647903187
19.65 1.15270781895643E-07 -0.00654412094760156 0.157248243267867
19.7 1.09536878228383E-07 -0.00641336314212127 0.155595745707594
19.75 1.04128461890807E-07 -0.0062849851971769 0.153946225306772
19.8 9.93686546605471E-08 -0.00615894361699059 0.152299749147993
19.85 9.49343025385101E-08 -0.00603519543809971 0.150656382651538
19.9 9.08863713041164E-08 -0.00591369856761792 0.149016187534692
19.95 8.6367476237996E-08 -0.00579441149798653 0.147379224079293
20 8.25551114296359E-08 -0.00567729288761633 0.145745548991709
20.05 7.88768894403876E-08 -0.00556230273507966 0.144115217322358
20.1 7.48594897564977E-08 -0.00544940125229315 0.142488281712285
20.15 7.1106690508498E-08 -0.00533854967346061 0.140864792380224
20.2 6.82298903853967E-08 -0.00522970937586405 0.139244796332223
20.25 6.52409645223048E-08 -0.0051228427061223 0.13762833965717
20.3 6.21771442202734E-08 -0.00501791229268821 0.13601546509238
20.35 5.90810886145779E-08 -0.0049148818874646 0.134406213293975
20.4 5.64193704963426E-08 -0.00481371518827603 0.132800622975562
20.45 5.41500458440289E-08 -0.00471437670795265 0.131198730064989
20.5 5.13442330521682E-08 -0.00461683160193297 0.129600568641784
20.55 4.89443712257182E-08 -0.00452104529076866 0.128006170528364
20.6 4.69113573335332E-08 -0.0044269842798314 0.126415565784791
20.65 4.46547572694242E-08 -0.00433461563049259 0.124828781265627
20.7 4.30357887092998E-08 -0.00424390589569843 0.123245842741236
20.75 4.11154159446449E-08 -0.00415482287933873 0.121666773648167
20.8 3.89491985847214E-08 -0.0040673352664196 0.120091595044183
20.85 3.74210232989079E-08 -0.00398141151620992 0.118520326139616
20.9 3.60531026084201E-08 -0.00389702095022858 0.116952984177361
20.95 3.4095329241897E-08 -0.00381413334120889 0.115389584239037
21 3.25734175375856E-08 -0.00373271854943536 0.113830139776355
21.05 3.10928925099871E-08 -0.00365274791371169 0.112274661556055
21.1 2.96885497935134E-08 -0.0035741923173201 0.110723159153846
21.15 2.85496467833086E-08 -0.00349702302911848 0.109175639944196
21.2 2.7126649298904E-08 -0.00342121212514277 0.107632109382723
21.25 2.56226103579081E-08 -0.00334673277230563 0.10609257076196
21.3 2.47806785863862E-08 -0.00327355702287726 0.104557026763103
21.35 2.37186114741151E-08 -0.00320165906938458 0.103025476371366
21.4 2.21042645226877E-08 -0.00313101155309787 0.101497918306373
21.45 2.05039496311389E-08 -0.00306158891088416 0.0999743486589163
21.5 1.97181780115746E-08 -0.00299336596593523 0.0984547618174851
21.55 1.8957608720188E-08 -0.00292631738799317 0.096939151200368
21.6 1.80012216370299E-08 -0.00286041847577871 0.0954275073594557
21.65 1.71432029964381E-08 -0.00279564503967219 0.093919819805425
21.7 1.65574958688882E-08 -0.00273197291649348 0.0924160763492622
21.75 1.57836146006746E-08 -0.00266937853801692 0.0909162629161877
21.8 1.52667773589155E-08 -0.00260783926446656 0.0894203641485877
21.85 1.42770886391818E-08 -0.00254733102718978 0.0879283623708519
21.9 1.34731781862311E-08 -0.00248783137314867 0.086440239170373
21.95 1.30638737301494E-08 -0.00242931852731812 0.084955973562842
22 1.27177986932039E-08 -0.00237177027873633 0.0834755441544108
22.05 1.22243586205198E-08 -0.002315165276049 0.0819989268656106
22.1 1.20346210977736E-08 -0.00225948195774665 0.0805260963628411
22.15 1.13998687372966E-08 -0.00220469889257559 0.0790570260614244
22.2 1.09919652181346E-08 -0.00215079595891875 0.0775916876978454
22.25 1.08003932384634E-08 -0.00209775317317633 0.076130051714994
22.3 1.02799553793011E-08 -0.00204554990749143 0.0746720872912644
22.35 9.65507850024757E-09 -0.00199416638924589 0.0732177609529483
22.4 9.02347498384594E-09 -0.0019435824515913 0.0717670390170304
22.45 8.49670626667889E-09 -0.00189377954963063 0.0703198857559907
22.5 8.07248745924496E-09 -0.00184473855648646 0.0688762643775295
22.55 7.30497579286206E-09 -0.00179643998340506 0.0674361363494725
22.6 7.16560465772652E-09 -0.00174886534208794 0.0659994616038602
22.65 7.07050833278312E-09 -0.00170199680382975 0.0645661991481206
22.7 6.26728109828963E-09 -0.00165581626222694 0.0631363062149779
22.75 5.41353675092964E-09 -0.00161030584923393 0.0617097394312385
22.8 5.22571812370571E-09 -0.00156544803718463 0.0602864530568318
22.85 4.66952607680554E-09 -0.0015212250516136 0.0588664005052679
22.9 4.36975272567698E-09 -0.00147761960867808 0.0574495342807248
22.95 3.80437191591692E-09 -0.00143461512559831 0.0560358045306245
23 3.69587114199484E-09 -0.00139219457499653 0.0546251613611109
23.05 4.12622469451755E-09 -0.00135034148836927 0.0532175521433517
23.1 3.98581541625288E-09 -0.00130903915281154 0.051812924524402
23.15 2.82809978650457E-09 -0.00126827134467523 0.0504112234826722
23.2 3.26654090698092E-09 -0.00122802228557488 0.0490123939331002
23.25 3.541892472361E-09 -0.00118827570178657 0.0476163787402382
23.3 3.30998741998477E-09 -0.00114901594250829 0.0462231201522714
23.35 2.97104565325819E-09 -0.00111022763895936 0.0448325585692624
23.4 2.8019288013998E-09 -0.00107189576977586 0.0434446334441423
23.45 2.91537451170551E-09 -0.00103400496829655 0.0420592830697606
23.5 3.44257661942152E-09 -0.000996539702634115 0.0406764447461535
23.55 2.95674039010621E-09 -0.000959485078307821 0.0392960540572787
23.6 2.28438564400342E-09 -0.000922826223474134 0.0379180459669036
23.65 2.50365983416544E-09 -0.000886548912182924 0.0365423533414483
23.7 2.78268514251535E-09 -0.000850637806298887 0.0351689090507809
23.75 2.3400210527704E-09 -0.000815078816132556 0.0337976440670506
23.8 1.48476836607484E-09 -0.000779857202658802 0.0324284889806454
23.85 6.2388264614061E-10 -0.000744959573994918 0.0310613718538622
23.9 1.0773669890771E-09 -0.000710371131657526 0.0296962210300848
23.95 1.67056576657465E-09 -0.000676077997470315 0.0283329628834079
24 1.4236610085959E-09 -0.000642066078204396 0.026971523240234
24.05 3.83551970652123E-10 -0.000608321996575399 0.0256118256646462
24.1 7.09198815144264E-11 -0.000574831491067124 0.0242537939847138
24.15 7.48004361333991E-10 -0.000541581336426646 0.0228973500516612
24.2 1.08929099201926E-09 -0.000508557102764109 0.0215424154959322
24.25 -1.32177377484143E-10 -0.000475745284851745 0.0201889094964118
24.3 -5.63395785384979E-10 -0.000443132694364887 0.0188367514914631
24.35 2.7213844224913E-10 -0.000410705681606701 0.0174858588274443
24.4 1.15734459407629E-09 -0.000378451144770185 0.0161361482656495
24.45 6.93593073162033E-10 -0.000346355575457291 0.0147875354027607
24.5 1.53920306478919E-10 -0.000314405758105641 0.0134399346818772
24.55 -1.05414416834847E-11 -0.000282588034125714 0.0120932591874399
24.6 8.98479826483421E-10 -0.000250889947721715 0.0107474215682077
24.65 1.1924330752425E-09 -0.000219297250914357 0.00940233299032168
24.7 5.41995765121077E-10 -0.000187796982608325 0.00805790368543754
24.75 2.01722522140416E-10 -0.00015637594761785 0.00671404230571639
24.8 5.93702626196642E-10 -0.000125021274178855 0.00537065688337302
24.85 3.79665218554253E-10 -9.3719778976892E-05 0.00402765458461094
24.9 8.18927161879887E-11 -6.24580948701908E-05 0.00268494153451252
24.95 -4.69015751351051E-11 -3.12224131627018E-05 0.00134242231473236
