0.01 -0.482349407068364 6 -0.499275831778598 0.5 -0.503921238827484 0.5 -0.500446226377084
0.005 -0.490895136842128 7 -0.499878896179057 0.25 -0.5018982172459 0.25 -0.500191025789847
0.0025 -0.495489021375456 8 -0.499998711337827 0.125 -0.500794558752057 0.125 -0.500079636425107
0.00125 -0.497885614080179 9 -0.500018958411159 0.0625 -0.500296342472629 0.0625 -0.500031212913193
0.000625 -0.499103397728342 10 -0.500021861553598 0.03125 -0.500093436555842 0.03125 -0.500010413939428
0.0003125 -0.499699277781639 11 -0.500021071423699 0.015625 -0.500019626299828 0.015625 -0.500001720315186
0.00015625 -0.499952550343826 12 -0.500019825685297 0.0078125 -0.499991487192605 0.0078125 -0.499997129222357
7.8125E-05 -0.500039746857841 13 -0.500018794044613 0.00390625 -0.499981899772451 0.00390625 -0.499994460393602
3.90625E-05 -0.500117174328216 14 -0.500017682393888 0.001953125 -0.499978566321639 0.001953125 -0.499992656816192
1.953125E-05 -0.500155382871153 15 -0.50001684288906 0.0009765625 -0.499977435118454 0.0009765625 -0.499991502028661
