0.0001 9.999E-05
0.0101 0.00999800499948711
0.0231597376042201 0.0226266717788606
0.0386971265297949 0.0372211342544037
0.0561637914366819 0.0530830522589659
0.0751386496755902 0.0696784643588958
0.095333035191479 0.0866336338744427
0.116564345694952 0.103697429798275
0.138726041492493 0.120702597074771
0.161763348901668 0.137535826197646
0.185656001996368 0.154117195682877
0.210334104976989 0.170340447517931
0.235554064501909 0.186007434876486
0.261166791316324 0.201010945528718
0.287085735527153 0.215299686821827
0.313264334242674 0.228855249942073
0.33968105854748 0.241677801753451
0.366329869243835 0.253777522339191
0.393214281526725 0.265169618670471
0.420343750332907 0.27587148804874
0.447731514629662 0.285901143191243
0.475393345747696 0.295276363691232
0.5033468507544 0.304014258137445
0.531611114883456 0.312131053641353
0.560206551085452 0.31964200786061
0.589154877148419 0.326561384272259
0.618479173211324 0.332902457748862
0.648203992410333 0.338677532460043
0.678355509646582 0.343897962529299
0.708961701044047 0.348574170517184
0.740052551441408 0.352715661301056
0.771660290389875 0.356331030213984
0.803819659331071 0.359427964924712
0.836568214361986 0.362013240788108
0.869946670557372 0.364092709438396
0.903999295424463 0.365671280325934
0.938774360876955 0.36675289475856
0.974324665287537 0.367340491821245
1.01070813987385 0.367435965318319
1.04806159281068 0.36703884450232
1.08668040643378 0.366139392660971
1.12679507580495 0.364719344325022
1.1686040744078 0.36275551319712
1.21229433934829 0.360221560852788
1.2580550289892 0.357088804084016
1.30608772239531 0.353326498381025
1.35661499311104 0.348901818224573
1.40988866696038 0.34377964097881
1.46619879348654 0.337922177165997
1.52588430828196 0.331288449846301
1.5893465050111 0.323833595369288
1.65706679692902 0.315507927194047
1.72963092142736 0.306255664672954
1.80776292996935 0.296013167355853
1.89237442266155 0.284706411148922
1.98463839445776 0.272247252943052
2.08610466392023 0.258527661647974
2.19888969504296 0.243410321816622
2.32600962205422 0.226712245220925
2.47201701397106 0.208173448357517
2.64437552628509 0.187388823278778
2.85703988892484 0.163627275604136
3.09225729542815 0.139950521003774
3.33702339684053 0.118230953089046
3.58630646734893 0.0990333596811061
3.84005538937011 0.0822856775186794
4.1007031341251 0.067718374161718
4.37190309060706 0.0550510591993633
4.65810151653593 0.0440490789747411
4.9645766768942 0.0345293149412366
5.29777584943705 0.0263497141041277
5.66594100595989 0.0193944649461561
6.08016224550141 0.0135565989971481
6.55624274092379 0.00871317736954428
7.1184026426666 0.0046758898156237
7.80821782961834 0.00105310138392001
8 7.65761183007455E-05
