0 1
0.015707963267949 0.992146146972401
0.0314159265358979 0.984293792458949
0.0471238898038469 0.976444795647289
0.0628318530717959 0.968601106046208
0.0785398163397448 0.960764687068531
0.0942477796076938 0.95293750858833
0.109955742875643 0.945121541935632
0.125663706143592 0.93731875391544
0.141371669411541 0.929531102246473
0.15707963267949 0.921760543560662
0.172787595947439 0.914009031662045
0.188495559215388 0.906278503574981
0.204203522483337 0.898570890158662
0.219911485751285 0.890888122260037
0.235619449019234 0.883232123731946
0.251327412287183 0.875604796334684
0.267035375555132 0.868008037477049
0.282743338823081 0.860443744567837
0.29845130209103 0.852913808272409
0.314159265358979 0.845420091837269
0.329867228626928 0.837964451541099
0.345575191894877 0.83054874366258
0.361283155162826 0.823174821556759
0.376991118430775 0.815844509248035
0.392699081698724 0.808559613837281
0.408407044966673 0.801321942220921
0.424115008234622 0.794133301081405
0.439822971502571 0.7869954775979
0.45553093477052 0.779910224096896
0.471238898038469 0.772879289292792
0.486946861306418 0.765904421899988
0.502654824574367 0.758987365950294
0.518362787842316 0.752129824326853
0.534070751110265 0.745333478557969
0.549778714378214 0.738600009990391
0.565486677646163 0.73193109994498
0.581194640914112 0.725328411530816
0.596902604182061 0.718793557748433
0.61261056745001 0.712328143055043
0.628318530717959 0.705933771907862
0.644026493985908 0.699612047663298
0.659734457253857 0.693364536436913
0.675442420521806 0.687192758954785
0.691150383789755 0.68109823319243
0.706858347057704 0.675082477125363
0.722566310325653 0.669147004541283
0.738274273593602 0.663293275036741
0.753982236861551 0.657522710439776
0.7696902001295 0.651836731809938
0.785398163397449 0.646236760206781
0.801106126665398 0.640724209084303
0.816814089933347 0.635300427097247
0.832522053201296 0.629966730118771
0.848230016469245 0.62472443376804
0.863937979737194 0.619574853664218
0.879645943005143 0.614519296341755
0.895353906273092 0.609558992853053
0.911061869541041 0.604695136855693
0.92676983280899 0.599928921739496
0.942477796076939 0.595261540894287
0.958185759344888 0.590694182916099
0.973893722612837 0.586227974210673
0.989601685880786 0.581863997762601
1.00530964914873 0.577603335669054
1.02101761241668 0.573447070027203
1.03672557568463 0.569396281942355
1.05243353895258 0.565451997051741
1.06814150222053 0.56161515726491
1.08384946548848 0.557886697545488
1.09955742875643 0.554267552857103
1.11526539202438 0.550758658163383
1.13097335529233 0.547360923622794
1.14668131856027 0.544075156457751
1.16238928182822 0.540902137193283
1.17809724509617 0.537842646354373
1.19380520836412 0.534897464466006
1.20951317163207 0.532067363918146
1.22522113490002 0.529353028072879
1.24092909816797 0.526755085381356
1.25663706143592 0.524274163486638
1.27234502470387 0.521910890031786
1.28805298797181 0.519665889772307
1.30376095123976 0.517539716105597
1.31946891450771 0.515532848210932
1.33517687777566 0.513645761807757
1.35088484104361 0.511878932615516
1.36659280431156 0.510232834641293
1.38230076757951 0.508707878784876
1.39800873084746 0.507304395915223
1.41371669411541 0.506022711744224
1.42942465738335 0.504863151983767
1.4451326206513 0.503826040073817
1.46084058391925 0.502911633080709
1.4765485471872 0.502120112753169
1.49225651045515 0.50145165677024
1.5079644737231 0.500906442810962
1.52367243699105 0.500484643388915
1.539380400259 0.500186352674099
1.55508836352695 0.500011603984354
1.57079632679489 0.499960429040494
1.58650429006284 0.500032859563337
1.60221225333079 0.500228913880535
1.61792021659874 0.500548518487167
1.63362817986669 0.500991561359421
1.64933614313464 0.501557930341713
1.66504410640259 0.502247513247067
1.68075206967054 0.503060165702867
1.69646003293849 0.503995650435704
1.71216799620643 0.505053713509935
1.72787595947438 0.506234100989916
1.74358392274233 0.507536557050069
1.75929188601028 0.508960764927403
1.77499984927823 0.510506335271274
1.79070781254618 0.512172874488676
1.80641577581413 0.513959988986602
1.82212373908208 0.515867274700847
1.83783170235003 0.517894242341466
1.85353966561797 0.520040361122301
1.86924762888592 0.522305099979425
1.88495559215387 0.524687927826816
1.90066355542182 0.527188283729199
1.91637151868977 0.529805517888692
1.93207948195772 0.532538964045327
1.94778744522567 0.535387955939134
1.96349540849362 0.53835182591841
1.97920337176157 0.541429851498933
1.99491133502951 0.54462123854255
2.01061929829746 0.547925188079414
2.02632726156541 0.551340901139676
2.04203522483336 0.55486757300561
2.05774318810131 0.558504325847907
2.07345115136926 0.562250231497743
2.08915911463721 0.566104360792613
2.10486707790516 0.570065784570013
2.12057504117311 0.574133562528087
2.13628300444105 0.578306674146383
2.151990967709 0.582584063758931
2.16769893097695 0.586964675550593
2.1834068942449 0.591447453706228
2.19911485751285 0.596031328750234
2.2148228207808 0.600715149741078
2.23053078404875 0.60549773566365
2.2462387473167 0.610377905455039
2.26194671058464 0.615354478052335
2.27765467385259 0.620426262957442
2.29336263712054 0.625591998029912
2.30907060038849 0.630850388255877
2.32477856365644 0.636200138449335
2.34048652692439 0.641639953424281
2.35619449019234 0.647168534117201
2.37190245346029 0.652784507668674
2.38761041672824 0.658486435077339
2.40331837999618 0.664272875000874
2.41902634326413 0.670142386096954
2.43473430653208 0.676093527007539
2.45044226980003 0.682124834607857
2.46615023306798 0.688234780803232
2.48185819633593 0.694421825430332
2.49756615960388 0.700684428325825
2.51327412287183 0.707021049326378
2.52898208613978 0.713430144338314
2.54469004940772 0.719910116162169
2.56039801267567 0.726459329451488
2.57610597594362 0.733076148024256
2.59181393921157 0.739758935698461
2.60752190247952 0.746506056152101
2.62322986574747 0.753315849389095
2.63893782901542 0.760186605275049
2.65464579228337 0.767116607288581
2.67035375555132 0.774104138908308
2.68606171881926 0.78114748361285
2.70176968208721 0.788244916085685
2.71747764535516 0.795394666111432
2.73318560862311 0.802594949184411
2.74889357189106 0.809843980792923
2.76460153515901 0.817139976425266
2.78030949842696 0.824481147849494
2.79601746169491 0.831865673357224
2.81172542496286 0.83929171352716
2.8274333882308 0.846757428776795
2.84314135149875 0.854260979523626
2.8588493147667 0.861800523959504
2.87455727803465 0.869374195438659
2.8902652413026 0.876980111769394
2.90597320457055 0.884616390521581
2.9216811678385 0.892281149265094
2.93738913110645 0.899972503633178
2.9530970943744 0.907688550660894
2.96880505764234 0.915427377014832
2.98451302091029 0.923187069249187
3.00022098417824 0.930965713918159
3.01592894744619 0.938761395540354
3.03163691071414 0.946572185934914
3.04734487398209 0.954396152032441
3.06305283725004 0.962231360753281
3.07876080051799 0.970075879017464
3.09446876378594 0.977927772031347
3.11017672705388 0.985785099279885
3.12588469032183 0.993645919055425
3.14159265358978 1.00150828965032
3.15730061685773 1.00937026936876
3.17300858012568 1.01722991726464
3.18871654339363 1.02508529357662
3.20442450666158 1.03293445864801
3.22013246992953 1.04077547282214
3.23584043319748 1.04860639697679
3.25154839646542 1.05642529894672
3.26725635973337 1.06423025143529
3.28296432300132 1.0720193272459
3.29867228626927 1.07979059918199
3.31438024953722 1.08754214356958
3.33008821280517 1.09527205182356
3.34579617607312 1.10297841939807
3.36150413934107 1.11065934174728
3.37721210260902 1.11831291453334
3.39292006587696 1.1259372455936
3.40862802914491 1.13353046146453
3.42433599241286 1.14109069027109
3.44004395568081 1.14861606013829
3.45575191894876 1.15610470165434
3.47145988221671 1.16355477058416
3.48716784548466 1.17096443743141
3.50287580875261 1.17833187288588
3.51858377202056 1.18565524763959
3.5342917352885 1.19293274288205
3.54999969855645 1.20016257451384
3.5657076618244 1.20734296560016
3.58141562509235 1.21447213920623
3.5971235883603 1.22154831909842
3.61283155162825 1.22856975512263
3.6285395148962 1.23553473033617
3.64424747816415 1.2424415299501
3.65995544143209 1.2492884391755
3.67566340470004 1.25607374773758
3.69137136796799 1.2627957885279
3.70707933123594 1.26945291842172
3.72278729450389 1.27604349455143
3.73849525777184 1.28256587404944
3.75420322103979 1.28901842744532
3.76991118430774 1.29539957976932
3.78561914757569 1.30170776990874
3.80132711084363 1.30794143675087
3.81703507411158 1.3140990193241
3.83274303737953 1.32017898315312
3.84845100064748 1.32617985128481
3.86415896391543 1.33210015430794
3.87986692718338 1.33793842281123
3.89557489045133 1.34369318812268
3.91128285371928 1.34936302055049
3.92699081698723 1.35494654791921
3.94269878025517 1.36044240267661
3.95840674352312 1.36584921727045
3.97411470679107 1.37116562535496
3.98982267005902 1.37639030720406
4.00553063332697 1.38152200349049
4.02123859659492 1.3865594589073
4.03694655986287 1.39150141814753
4.05265452313082 1.39634662666754
4.06836248639877 1.40109387561119
4.08407044966672 1.4057420268748
4.09977841293466 1.41028994843356
4.11548637620261 1.41473650826266
4.13119433947056 1.41908057437576
4.14690230273851 1.42332104602591
4.16261026600646 1.42745691006482
4.17831822927441 1.43148716858334
4.19402619254236 1.43541082367233
4.20973415581031 1.43922687742265
4.22544211907825 1.44293434119318
4.2411500823462 1.44653231546792
4.25685804561415 1.45001995047135
4.2725660088821 1.45339639696901
4.28827397215005 1.45666080572641
4.303981935418 1.45981232752327
4.31968989868595 1.46285014570405
4.3353978619539 1.46577354564427
4.35110582522185 1.46858183264886
4.36681378848979 1.47127431202273
4.38252175175774 1.47385028907082
4.39822971502569 1.47630906915624
4.41393767829364 1.47864999838937
4.42964564156159 1.48087253492102
4.44535360482954 1.48297615599126
4.46106156809749 1.48496033884014
4.47676953136544 1.48682456070773
4.49247749463339 1.48856829883409
4.50818545790133 1.49019105201879
4.52389342116928 1.49169244974058
4.53960138443723 1.49307217045557
4.55530934770518 1.49432989270627
4.57101731097313 1.49546529503517
4.58672527424108 1.49647805598476
4.60243323750903 1.49736785705684
4.61814120077698 1.49813446842326
4.63384916404493 1.49877776215421
4.64955712731287 1.4992976159409
4.66526509058082 1.49969390747454
4.68097305384877 1.49996651444635
4.69668101711672 1.50011531454754
4.71238898038467 1.50014021609751
4.72809694365262 1.50004126103807
4.74380490692057 1.49981852774134
4.75951287018852 1.49947209458022
4.77522083345647 1.49900203992765
4.79092879672441 1.49840844215655
4.80663675999236 1.49769138336027
4.82234472326031 1.49685103846843
4.83805268652826 1.4958876794728
4.85376064979621 1.49480158293127
4.86946861306416 1.49359302540173
4.88517657633211 1.49226228344207
4.90088453960006 1.49080963361017
4.91659250286801 1.48923538475635
4.93230046613595 1.48753997547676
4.9480084294039 1.48572387694871
4.96371639267185 1.48378756034952
4.9794243559398 1.48173149685652
4.99513231920775 1.47955615764701
5.0108402824757 1.47726201818861
5.02654824574365 1.47484964625099
5.0422562090116 1.47231969849755
5.05796417227955 1.46967283519999
5.07367213554749 1.46690971663
5.08938009881544 1.4640310030593
5.10508806208339 1.46103735475968
5.12079602535134 1.45792946406372
5.13650398861929 1.45470814597327
5.15221195188724 1.45137424482413
5.16791991515519 1.4479286049521
5.18362787842314 1.44437207069295
5.19933584169109 1.4407054863825
5.21504380495903 1.43692969942827
5.23075176822698 1.43304563677064
5.24645973149493 1.42905431015488
5.26216769476288 1.42495673545378
5.27787565803083 1.42075392854014
5.29358362129878 1.41644690528674
5.30929158456673 1.41203668156638
5.32499954783468 1.40752429435396
5.34070751110263 1.40291090768371
5.35641547437057 1.39819773291674
5.37212343763852 1.3933859814942
5.38783140090647 1.3884768648572
5.40353936417442 1.38347159444691
5.41924732744237 1.37837138187333
5.43495529071032 1.3731774786379
5.45066325397827 1.36789122734215
5.46637121724622 1.36251398324574
5.48207918051417 1.35704710160834
5.49778714378211 1.35149193768961
5.51349510705006 1.34584984674922
5.52920307031801 1.34012219168606
5.54491103358596 1.33431041287111
5.56061899685391 1.32841599575396
5.57632696012186 1.32244042634306
5.59203492338981 1.31638519064684
5.60774288665776 1.31025177467372
5.6234508499257 1.30404166674858
5.63915881319365 1.29775640755327
5.6548667764616 1.29139758962018
5.67057473972955 1.28496680769681
5.6862827029975 1.2784656565307
5.70199066626545 1.27189573086934
5.7176986295334 1.26525862878281
5.73340659280135 1.25855599805822
5.7491145560693 1.25178952475596
5.76482251933724 1.24496089592098
5.78053048260519 1.23807179859825
5.79623844587314 1.23112391983273
5.81194640914109 1.22411895783404
5.82765437240904 1.21705866008881
5.84336233567699 1.20994478767443
5.85907029894494 1.20277910166873
5.87477826221289 1.19556336314954
5.89048622548084 1.1882993352358
5.90619418874878 1.18098881616693
5.92190215201673 1.17363363376992
5.93761011528468 1.16623561679613
5.95331807855263 1.15879659399693
5.96902604182058 1.15131839428622
5.98473400508853 1.14380285498978
6.00044196835648 1.13625182575422
6.01614993162443 1.1286671572064
6.03185789489238 1.12105069997317
6.04756585816032 1.11340430527145
6.06327382142827 1.105729870961
6.07898178469622 1.09802937452722
6.09468974796417 1.09030480123963
6.11039771123212 1.08255813636775
6.12610567450007 1.07479136231375
6.14181363776802 1.06700632070617
6.15752160103597 1.0592046512736
6.17322956430392 1.05138797815139
6.18893752757186 1.04355792547492
6.20464549083981 1.03571615281355
6.22035345410776 1.02786505124351
6.23606141737571 1.02000769977517
6.25176938064366 1.01214720412801
6.26747734391161 1.00428667002153
