0 3.04 0
0.01 3.03997464550342 -0.00506456069168531
0.03 3.03977216430757 -0.015163299819048
0.0690559484482976 3.03879522495702 -0.034825728627636
0.128436990243238 3.0358379948502 -0.0648591484376832
0.205581642681972 3.02931219560442 -0.10490320698735
0.288973168150713 3.01870740822887 -0.150781741592863
0.363418793636146 3.00588848447251 -0.195275975152644
0.42607425703967 2.99242144924984 -0.236189956615307
0.478793443894248 2.97901911867395 -0.273636749968463
0.524070556215085 2.96587022597416 -0.308375113961803
0.563934374180651 2.9529439477586 -0.341193988941668
0.599845866205043 2.94014154563986 -0.372745997000841
0.632821314812172 2.9273568054403 -0.403532485173908
0.66356509626636 2.91449600213484 -0.4339291422171
0.692569965774264 2.90148203993517 -0.464216393383281
0.720185991585743 2.88825307048712 -0.494605004625557
0.746666592553723 2.87475960329297 -0.525255583082034
0.772199115678216 2.86096156991503 -0.556292874115066
0.796925221672595 2.84682580371849 -0.587816092111257
0.820954578553982 2.83232401921559 -0.619906353879829
0.844374145199174 2.81743124324664 -0.65263203252804
0.867254529861166 2.80212461415418 -0.686052630392444
0.889654394476125 2.78638246480737 -0.720221601578197
0.911623543753079 2.77018361682994 -0.755188431920652
0.933205122670802 2.753506827218 -0.791000196234497
0.954437205256033 2.73633034118205 -0.827702750227986
0.975353964918231 2.718631515421 -0.86534167028766
0.995986555344224 2.70038648402003 -0.903963023282226
1.01636379022438 2.68156984499547 -0.943614026883098
1.03651268291558 2.6621543495107 -0.984343646033736
1.05645888900453 2.64211057825631 -1.0262031612892
1.07622708264824 2.6214065906506 -1.06924673853429
1.09584128959308 2.6000075325127 -1.11353202624337
1.11532519464461 2.57787518673047 -1.15912080546659
1.13470243826564 2.55496744912383 -1.2060797188871
1.15399691542681 2.53123770799835 -1.25448110861129
1.17323308955497 2.50663410043927 -1.30440399810765
1.19243633534214 2.48109861063631 -1.35593526249003
1.21163332638561 2.45456596455193 -1.40917104415526
1.23085248741987 2.42696225965224 -1.46421848925561
1.25012453682735 2.39820324602846 -1.52119790717918
1.26948315412466 2.3681921425929 -1.580245494218
1.28896582079614 2.33681682354831 -1.64151682055167
1.30861490384586 2.3039461367432 -1.70519136755015
1.32847908433212 2.26942500104176 -1.77147853893093
1.34861528601386 2.23306774661924 -1.84062578746812
1.36909134689586 2.19464885921571 -1.91292985901732
1.3899898272709 2.15388976957363 -1.98875277262053
1.4114136188793 2.11043939722204 -2.0685452602415
1.43349453283169 2.06384439733676 -2.15288247387779
1.45640707806362 2.01350151899032 -2.24252095569522
1.4801739644386 1.9590860941284 -2.3376137554785
1.50423986190847 1.90165842240084 -2.43586598031589
1.52824657266712 1.84199411289151 -2.5355645952622
1.55198076987109 1.78063625338805 -2.63546344021203
1.57532851091289 1.71795081627333 -2.73466402636971
1.59824099100104 1.65417406755823 -2.83251463946231
1.62071070933728 1.58944918857964 -2.92853273873258
1.64275570890375 1.52385284373906 -3.02234841655625
1.66440956946474 1.45741354323648 -3.11366449900166
1.68571532002943 1.39012370845418 -3.20222885002198
1.70672196592336 1.3219470143087 -3.28781517432948
1.72748276240994 1.25282215297088 -3.37020946509558
1.74805469418737 1.18266374608068 -3.44919996866376
1.768498860489 1.11136074671547 -3.52456906806742
1.7888816515361 1.03877228980979 -3.59608581196635
1.80875843409263 0.966620073546255 -3.66183891507987
1.82678860036323 0.900076468853645 -3.71766371682856
1.8442360539744 0.834757992396347 -3.76787938236508
1.8609900355537 0.771243130939745 -3.81227965460231
1.87704468082387 0.709712011355284 -3.85106211187405
1.8924469068433 0.650124825601413 -3.8845926430999
1.90726536262274 0.592335505215168 -3.91327647865747
1.92157367579816 0.536157515439654 -3.93749653788315
1.93544230920851 0.481398851734917 -3.95758923136141
1.94893520494575 0.427878835547542 -3.97383909210975
1.96210891234662 0.375434818544324 -3.98648183109987
1.97501290226137 0.323923631091769 -3.99571045211793
1.98769037370411 0.273220511922321 -4.00168187045217
2.0001792011885 0.223217000066314 -4.0045229475686
2.01251285729071 0.173818550998834 -4.00433557674436
2.02472124268637 0.124942240952346 -4.00120078523111
2.03683140497541 0.076514710378113 -3.99518195161223
2.04886815068267 0.0284703883241524 -3.98632727552731
2.06085456442388 -0.0192500129662253 -3.97467163341222
2.07281245214645 -0.066700766244256 -3.96023793416247
2.08476272520574 -0.113932200197089 -3.94303806468503
2.09672574070256 -0.160991612776709 -3.9230734922218
2.10872161193949 -0.207924063259263 -3.90033556977211
2.120770501522 -0.254773075359898 -3.87480557298687
2.13289290876529 -0.301581280112523 -3.84645448091152
2.14510996279387 -0.348391024565049 -3.81524249795636
2.15744373314153 -0.395244970931969 -3.78111829931855
2.16991757090245 -0.442186710903773 -3.744017965415
2.18255649575208 -0.489261421597832 -3.70386355102599
2.19538764777283 -0.536516593557526 -3.66056120955415
2.20844082850415 -0.584002867941132 -3.61399875888416
2.22174916382229 -0.631775030702763 -3.564042528016
2.23534993348738 -0.67989322798798 -3.51053325550195
2.2492856306863 -0.728424492193322 -3.45328070974739
2.26360534336638 -0.777444707330405 -3.39205654744379
2.27836659402961 -0.827041204456599 -3.3265846853382
2.29363784745037 -0.877316279085709 -3.25652807067563
2.30940348903015 -0.928078490843101 -3.18194317731454
2.32546375595225 -0.978562589675874 -3.10383467941131
2.34169690266359 -1.02829876164159 -3.02293783267914
2.35803406467026 -1.0770126792507 -2.9397818985484
2.3744405326775 -1.12455265732274 -2.85474713819304
2.39090284213745 -1.17084050809012 -2.76810985371264
2.40742028345667 -1.21583996377075 -2.68007549881208
2.42399949468556 -1.25953707922629 -2.59080192560296
2.44065109895956 -1.30192841064849 -2.50041519720612
2.45738765530609 -1.34301407957281 -2.40902009316374
2.47422243358558 -1.38279383330715 -2.31670695639394
2.49116869654057 -1.42126490666764 -2.22355607853594
2.50823928778034 -1.45842094590465 -2.12964045833617
2.52544639997273 -1.49425154604299 -2.03502749995473
2.54280144564326 -1.52874213390055 -1.93978002925962
2.56031498326055 -1.56187404024935 -1.84395687708808
2.5779966701524 -1.59362467206665 -1.74761319212029
2.59585522546867 -1.62396773633353 -1.65080058925578
2.6138983936023 -1.65287349088559 -1.55356720262269
2.63213290291762 -1.68030901190123 -1.45595768888031
2.65056441739879 -1.70623847569967 -1.35801321171593
2.66919748059408 -1.73062345700773 -1.25977142931204
2.68803545241116 -1.75342324816446 -1.16126650101943
2.70708044016813 -1.7745952046956 -1.0625291261544
2.72633322597565 -1.79409512276907 -0.963586625834162
2.74579319310082 -1.81187765348829 -0.864463077456633
2.76545825448186 -1.8278967579124 -0.765179510389036
2.78532478703344 -1.84210620516445 -0.665754170348245
2.80538757579118 -1.85446011402449 -0.566202858608537
2.82563977225933 -1.86491353602544 -0.466539350399561
2.84607287150809 -1.87342307531879 -0.366775894553857
2.86667671256613 -1.87994753753075 -0.266923793584643
2.88743950642378 -1.88444859661302 -0.166994059943008
2.90834789545885 -1.88689146548038 -0.0669981403174296
2.92938704729584 -1.88724555324616 0.0330513043226458
2.95054078500258 -1.88548508937789 0.133139579413485
2.97179175414345 -1.88158969337908 0.233249118551319
2.99312162560097 -1.8755448679238 0.333358649829975
3.01451133134154 -1.8673423939435 0.433442392394814
3.03594132855719 -1.85698060811877 0.53346930956642
3.05739188600458 -1.84446454656766 0.633402443968689
3.07884338503143 -1.82980594311544 0.733198357434052
3.10027662686105 -1.81302307609964 0.832806694120091
3.12167313730115 -1.79414046380941 0.932169879503174
3.14301546020941 -1.77318841489227 1.03122296112434
3.16428743178876 -1.75020244586694 1.12989358967657
3.18547442904755 -1.72522258277035 1.22810213181919
3.20656358744287 -1.69829256753801 1.32576189954142
3.22754398469591 -1.66945899169793 1.42277947543609
3.24840678987731 -1.63877038022771 1.51905510920007
3.26914537896526 -1.60627624701079 1.61448315818303
3.28975542005898 -1.57202614038243 1.70895254380515
3.31023493320435 -1.53606869301428 1.80234719593612
3.3305843313209 -1.49845068511207 1.8945464585174
3.35080645002465 -1.45921612383307 1.98542543137329
3.37090657528541 -1.41840533512843 2.07485522480086
3.39089247895535 -1.3760540569091 2.16270310463557
3.41077447342465 -1.3321925143715 2.24883250552037
3.43056549822788 -1.28684444910775 2.33310288848175
3.4502812536481 -1.24002606254804 2.41536941495351
3.46994039967237 -1.19174482016316 2.49548240219781
3.48956484366275 -1.14199804382697 2.57328651337307
3.50918014776381 -1.09077119284303 2.64861961731945
3.52881609886761 -1.03803569459889 2.72131122530582
3.54828382229634 -0.984370712201214 2.79040440193464
3.56725446325119 -0.930811087732726 2.8546031842388
3.58557309795118 -0.877965485188408 2.9134039950497
3.60319435494246 -0.826143429031511 2.96677437397443
3.62013496594627 -0.775463320109761 3.01492640398577
3.63644282271092 -0.725931121093194 3.05817616067802
3.65217847636149 -0.677492444919859 3.09686486016804
3.66740489320323 -0.630064715167347 3.13131897706368
3.68218226898968 -0.583555852899768 3.16183292947543
3.69656576170025 -0.537874437717266 3.18866389367985
3.71060481591719 -0.492934735914523 3.21203260877826
3.72434329760228 -0.448658774349364 3.23212676978962
3.73781999846953 -0.404976797502384 3.24910523060117
3.75106927183856 -0.361826899936407 3.26310215247186
3.76412167845353 -0.319154287494546 3.27423072654439
3.77700458577497 -0.276910416376938 3.28258635172895
3.78974269926611 -0.235052139413822 3.28824927049277
3.80235852217026 -0.193540920445308 3.29128671642009
3.81487274880924 -0.152342139957831 3.29175464330117
3.82730459989321 -0.111424495259909 3.28969910457778
3.83967210918509 -0.0707594888212323 3.28515734397031
3.85199237047407 -0.030320994395016 3.27815864793083
3.86428175291798 0.00991511045940224 3.2687250004939
3.87655609179792 0.0499712563542695 3.2568715720574
3.88883086077764 0.0898684483275619 3.24260706586566
3.90112133095985 0.129626494835462 3.22593393941043
3.91344272141165 0.169264206669828 3.2068485124041
3.92581034539963 0.208799571855507 3.18534096815853
3.93823975632919 0.248249911631885 3.16139525086105
3.95074689732251 0.287632021858682 3.13498885711817
3.96334825850091 0.326962303597912 3.10609251597776
3.97606104637675 0.366256886198504 3.07466974716466
3.98890337033918 0.405531745935727 3.04067628215972
4.00189445208883 0.444802823128105 3.0040593266328
4.01505486511816 0.484086140672117 2.96475663510866
4.02840681306628 0.523397927112664 2.92269535892669
4.04197445817591 0.56275474773279 2.87779061560261
4.0557843144088 0.602173647748096 2.82994371024516
4.06986572442902 0.641672312608487 2.77903991570377
4.0842514462414 0.681269251768281 2.72494568457427
4.09897838470606 0.720984014285367 2.66750511836361
4.11408851691178 0.76083744757397 2.60653544958516
4.12963008086507 0.800852015094975 2.54182118930801
4.14565912810223 0.841052195620474 2.47310643574523
4.16209728291219 0.88111846425109 2.40072832111006
4.1787695945927 0.920524647135832 2.32551884263397
4.19556970572689 0.958949968621336 2.2480742535316
4.21243688958582 0.996206477484367 2.16881773449098
4.22933954823831 1.03218825736773 2.08805059421499
4.24626404893086 1.06683799445372 2.00599062050057
4.26320745319477 1.10012584800349 1.92279935183367
4.28017290394408 1.13203650277584 1.83860082569022
4.29716675759278 1.16256145333166 1.75349417131107
4.31419683273543 1.19169454602925 1.6675619284978
4.33127136015397 1.21942950929739 1.58087547670989
4.34839836677055 1.24575867702954 1.49349854788349
4.36558532440132 1.27067241636893 1.40548948794739
4.38283895777027 1.29415896411154 1.31690271244552
4.40016514674376 1.316204495298 1.22778965044621
4.41756888324189 1.33679332034425 1.13819936901822
4.43505425919264 1.3559081508686 1.04817900293595
4.45262447174924 1.3735304003682 0.957774069895295
4.47028183805117 1.3896405010416 0.867028722610488
4.48802781550215 1.40421822663833 0.775985970408737
4.50586302576297 1.41724301586806 0.68468789077943
4.52378728196892 1.42869429321715 0.593175843410165
4.54179961942736 1.43855178496727 0.501490694013496
4.5598983304418 1.44679582837589 0.409673051722051
4.57808100407455 1.45340767171891 0.317763521373798
4.59634457167895 1.45836976243313 0.225802970229994
4.61468535895368 1.46166602007118 0.133832807328241
4.63309914512623 1.46328209028638 0.0418952726365291
4.65158122968064 1.46320557566349 -0.0499662676284813
4.67012650682408 1.4614262389475 -0.141707023752549
4.68872954764931 1.45793617412651 -0.233280487972256
4.70738468971202 1.45272994091263 -0.324638147431004
4.72608613351538 1.44580465844141 -0.415729209409535
4.74482804519425 1.43716005446616 -0.506500343317702
4.76360466453268 1.42679846693603 -0.596895443412788
4.7824104173438 1.41472479557982 -0.686855415452438
4.80124003120371 1.40094640192306 -0.776317989513622
4.82008865357084 1.38547295698444 -0.865217560039341
4.83895197144801 1.36831623666282 -0.953485052846635
4.85782633196209 1.34948986546498 -1.04104781738136
4.87670886355002 1.32900900966263 -1.12782954097494
4.89559759785488 1.30689002112814 -1.21375018027667
4.91449159295603 1.28315003290678 -1.29872590341979
4.93339105919192 1.2578065069584 -1.3826690348273
4.95229748960012 1.23087673335815 -1.46548799284307
4.97121379792177 1.20237727847893 -1.54708720851846
4.99014446824393 1.17232337715355 -1.62736701177784
5.00909572175332 1.14072826034102 -1.70622346865285
5.02807570785943 1.1076024051194 -1.78354815005209
5.04709472928288 1.07295268747466 -1.85922780824172
5.06616551385357 1.03678140970193 -1.93314393129689
5.08530355011956 0.999085162272584 -2.00517213742133
5.10435709974184 0.960207244193549 -2.07457133497748
5.12310038777751 0.920694476954526 -2.14041688067346
5.1414095029794 0.880927913784103 -2.20224790056994
5.15922848299941 0.841161234625072 -2.25990205540014
5.17654414967197 0.801555472097911 -2.31339615354713
5.19336871131227 0.762207037492094 -2.36284601632617
5.20972833289648 0.723168797195483 -2.4084156340911
5.22565593737098 0.684465174283429 -2.45028649302688
5.24118685385894 0.646102591568214 -2.48864005136398
5.25635630973425 0.608076494798943 -2.52364843058608
5.27119808017058 0.570375965553591 -2.55547004673661
5.28574384317995 0.53298668469414 -2.58424809463822
5.30002295088545 0.495892792485007 -2.61011059697795
5.31406243624413 0.459078024530586 -2.63317124633941
5.32788714473542 0.422526380519741 -2.65353059171886
5.34151992513006 0.386222496755269 -2.67127731880015
5.35498184124672 0.350151834489528 -2.68648949135927
5.36829238362799 0.314300756461236 -2.69923568993885
5.38146967030456 0.278656537801879 -2.70957602274082
5.39453063183527 0.243207340344683 -2.71756300463201
5.40749117924338 0.207942168303201 -2.72324231067475
5.42036635534154 0.172850816221607 -2.72665341517489
5.43317047088611 0.137923815643071 -2.7278301285551
5.44591722741627 0.103152384172379 -2.7268010439717
5.45861982875364 0.0685283789177754 -2.72358990438926
5.47129108310452 0.0340442552907373 -2.71821589929903
5.48394349760498 -0.000306968433081839 -2.7106938986718
5.49658936702656 -0.0345317406951886 -2.70103463019558
5.50924085824487 -0.0686360004215377 -2.689244804409
5.52191009198082 -0.102625195056923 -2.6753271910061
5.53460922326256 -0.136504292921161 -2.65928064833845
5.5473505220314 -0.170277789874178 -2.64110010694466
5.56014645533079 -0.203949710180923 -2.620776506755
5.57300977257893 -0.237523601347874 -2.59829668640646
5.5859535955379 -0.271002522561822 -2.57364322180686
5.5989915147647 -0.304389026196073 -2.54679420964695
5.61213769457325 -0.337685131653807 -2.51772298990024
5.62540698886787 -0.37089229058469 -2.4863977993809
5.63881507065155 -0.404011342227322 -2.45278134602923
5.65237857859825 -0.437042457280929 -2.41683029060304
5.66611528485233 -0.469985068273585 -2.37849461865716
5.68004428924452 -0.50283778384248 -2.33771688079354
5.69418624648074 -0.535598283634947 -2.29443127274497
5.70856363469956 -0.568263189622826 -2.24856251831891
5.72320107629235 -0.600827908421172 -2.2000245067097
5.73812572531825 -0.633286437607096 -2.14871861990907
5.75336774064402 -0.665631126889589 -2.09453166398404
5.76896087074127 -0.697852382057166 -2.03733328689769
5.78494318589385 -0.729938295583983 -1.9769727206973
5.80135800802866 -0.761874182082172 -1.91327461986167
5.81825511016098 -0.793641988627474 -1.84603366814828
5.83544240399096 -0.824775655253611 -1.77603683877905
5.85278315414784 -0.854954624391901 -1.70391864388033
5.87019574346563 -0.883987742907401 -1.63012745712696
5.88763435438569 -0.911765043947348 -1.55498006476702
5.90507564367053 -0.938225535573252 -1.47870298469768
5.92250994287719 -0.963336646841267 -1.40146203620482
5.93993561330743 -0.987081541249884 -1.32338275965431
5.9573555015791 -1.00945150515533 -1.24456418834281
5.97477475474085 -1.03044151412297 -1.16508798888756
5.99219949849843 -1.05004774663559 -1.08502446256136
6.00963605562263 -1.06826626977401 -1.00443645981954
6.02709049847315 -1.08509241796604 -0.923381927599429
6.04456840594802 -1.10052057345044 -0.841915571440474
6.06207474414213 -1.11454417343771 -0.76008995060799
6.07961382100132 -1.1271558400601 -0.677956213870526
6.09718928469711 -1.13834757213302 -0.595564610167813
6.11480414753863 -1.14811096335379 -0.51296486018804
6.13246082470018 -1.15643742662687 -0.430206443464119
6.15016118160729 -1.16331841292011 -0.347338835267928
6.16790658658463 -1.1687456179854 -0.26441171448683
6.18569796701267 -1.17271117297893 -0.181475155268544
6.20353586819607 -1.17520781642861 -0.0985798098581443
6.22142051468356 -1.17622904568309 -0.0157770866495141
6.2393518740636 -1.17576924627187 0.0668806746572563
6.25732972339745 -1.17382379770447 0.149340030200728
6.27535371850632 -1.17038915425097 0.231546261559161
6.29342346634519 -1.16546289923561 0.313443208326942
6.31153860070027 -1.15904377136836 0.394973104277724
6.3296988614582 -1.15113166164407 0.476076417610552
6.34790417772897 -1.14172757934832 0.556691695492657
6.36615475517174 -1.13083358570811 0.636755412685762
6.38445116798464 -1.11845269368835 0.716201823483648
6.40279445618731 -1.10458873233016 0.794962815501281
6.42118622906172 -1.08924617381468 0.872967763035925
6.43962877593766 -1.0724299210665 0.950143376755596
6.45812518593535 -1.05414505312363 1.0264135453357
6.47667947883673 -1.03439652461976 1.1016991633206
6.49529674998704 -1.01318881444873 1.17591793787095
6.51398333308548 -0.990525516878123 1.24898416507527
6.53274698598581 -0.966408865864475 1.32080846401583
6.5515971063111 -0.940839179836053 1.39129745357646
6.57047429264365 -0.913917501559396 1.46009910916032
6.58918906458987 -0.885962608605441 1.52642412617281
6.60762668271461 -0.857225605566038 1.58981417369511
6.62572345064154 -0.82790120308158 1.65003251189728
6.64344942825343 -0.798139020719213 1.70698536947025
6.66079637095228 -0.768053566571586 1.76066795408627
6.67776955847686 -0.737732457809588 1.81112851863823
6.69438237626471 -0.707242912406878 1.85844501177222
6.71065278531654 -0.676636740950869 1.90271022374611
6.7266010614392 -0.645954121939039 1.94402254240094
6.74224837530829 -0.615226429753618 1.98248035277142
6.75761592311498 -0.584478343660959 2.01817876998902
6.77272441409221 -0.55372941993135 2.05120784595574
6.78759378697374 -0.522995266943234 2.08165169257566
6.80224307154301 -0.492288428163171 2.10958816377668
6.81669034069984 -0.461619050474735 2.13508886863742
6.83095271775833 -0.430995394549373 2.15821937205216
6.84504641632728 -0.400424228544032 2.17903949338551
6.85898679837006 -0.369911135147308 2.19760364804225
6.87278844140071 -0.339460753836645 2.21396119874027
6.88646520924356 -0.309076974328667 2.22815679703803
6.90003032302112 -0.278763092975509 2.24023070425408
6.9134964304704 -0.248521940817551 2.25021908620319
6.92687567260215 -0.21835598980928 2.25815427936854
6.94017974729544 -0.188267442147463 2.26406502800237
6.95341996978127 -0.158258306476283 2.26797669268933
6.96660733019142 -0.12833046389999 2.26991143143015
6.97975254848476 -0.0984857261131717 2.26988835450385
6.99286612714441 -0.0687258875006449 2.26792365436905
7.00595840208885 -0.0390527727200242 2.26403071174484
7.01903959227201 -0.00946828102953905 2.25822017881577
7.03211984847117 0.0200255715599019 2.25050004026025
7.04520930178415 0.0494266113613728 2.24087565252215
7.05831811238373 0.0787324664613207 2.2293497614355
7.07145651911053 0.107940525743167 2.2159224979738
7.08463489053105 0.137047896715408 2.20059135152083
7.09786377814611 0.166051361377596 2.18335111964201
7.11115397251307 0.194947329336393 2.16419383285901
7.12451656314588 0.223731787338406 2.14310865237831
7.13796300318719 0.252400244315517 2.12008173807218
7.15150518001366 0.280947670939252 2.09509608322615
7.1651554931502 0.30936843254929 2.06813131160898
7.17892694114453 0.337656214151546 2.03916343123177
7.19283321940894 0.365803935965068 2.00816453766763
7.20688883149802 0.393803657723106 1.9751024578971
7.22110921689383 0.421646469586761 1.93994032318436
7.23551089916495 0.449322367088751 1.9026360562734
7.25011165942298 0.476820106961327 1.86314175393773
7.2649307414225 0.50412703997619 1.82140294021028
7.27998909658642 0.531228915979165 1.77735765786488
7.29530967991024 0.558109655057352 1.73093535502728
7.31091781143851 0.584751077113959 1.68205550882351
7.32684162332809 0.611132579870459 1.63062590666351
7.34311262021949 0.637230752200999 1.57654047487205
7.3597663920211 0.66301890531532 1.51967649871678
7.37684353539632 0.688466497981673 1.4598910088782
7.39439086683101 0.713538422631135 1.39701600254234
7.41224678877707 0.737906051832046 1.3316520960472
7.43026119298465 0.761295160721617 1.26441479516189
7.44834336366466 0.783542947731965 1.19573791065943
7.46644137119507 0.804556529812805 1.12592733797098
7.48452779571763 0.824285249012423 1.05520160743185
7.50259026831263 0.842703041147524 0.983720794822582
7.52062538577097 0.859797583328608 0.911606427678769
7.53863487975808 0.875563801694888 0.838954883016692
7.55662324963478 0.890000099307432 0.765846268177234
7.57459632750957 0.903106243128226 0.692350248867663
7.59256042887884 0.9148822435199 0.618529851317083
7.61052186705491 0.925327815879359 0.544443937937262
7.62848669136497 0.934442175535375 0.470148823491653
7.6464605616564 0.942224016881036 0.395699339239594
7.66444870498529 0.948671588533123 0.321149545339526
7.68245592132432 0.95378281291385 0.246553220858683
7.70048661820804 0.95755542042606 0.171964214308405
7.71854486234796 0.959987081186528 0.0974367075044488
7.73663444125406 0.961075524685352 0.0230254261631793
7.75475893096989 0.96081864193716 -0.0512141817385343
7.77292176790487 0.959214566998817 -0.125225786646426
7.79112632389622 0.956261735934333 -0.198952028851255
7.80937598434405 0.951958921873731 -0.272334375329285
7.82767422972251 0.946305245005894 -0.345312978420383
7.84602472109277 0.939300156314253 -0.417826533685218
7.86443139050688 0.930943393684077 -0.489812134649941
7.88289853744847 0.921234908710992 -0.561205122119024
7.90143093274437 0.910174762121354 -0.631938925405365
7.92003393173679 0.897762985152886 -0.701944892234209
7.93871359896146 0.883999403494698 -0.771152103230066
7.95747684717421 0.868883419384125 -0.839487165768504
7.97633159435825 0.852413746110952 -0.906873980509978
7.99528694339647 0.834588087357946 -0.973233472035019
8.01425638303293 0.815503548846429 -1.03815512376426
8.03307436754524 0.795368960444305 -1.10099232677223
8.05164357615288 0.774356258362727 -1.16137470556409
8.06991169367687 0.752605179593106 -1.21911113933857
8.0878551307397 0.730229004468232 -1.27412271276075
8.10546811093017 0.707319995001148 -1.32639842980268
8.12275557225609 0.683953992404822 -1.37596686130054
8.13972865027224 0.66019407306052 -1.42287841370975
8.15640185562719 0.636093357063377 -1.46719445833715
8.17279134078983 0.611697126956388 -1.5089807961208
8.18891385636533 0.587044415373224 -1.5483038175785
8.20478613874199 0.56216919701918 -1.58522831538041
8.2204245646036 0.537101291406658 -1.61981629729097
8.23584496872068 0.511867056046031 -1.65212639631805
8.25106256036058 0.486489928029707 -1.68221363138972
8.26609189828043 0.460990855354842 -1.71012936902392
8.28094689971477 0.435388647186113 -1.73592139619051
8.29564086839444 0.409700263607376 -1.75963405099085
8.3101865325928 0.383941059356418 -1.78130837981824
8.32459608786266 0.358124991849408 -1.80098230289068
8.33888124137052 0.332264800923928 -1.8186907779194
8.35305325609638 0.306372165755263 -1.83446595631366
8.36712299398833 0.28045784304199 -1.84833732902057
8.38110095765058 0.25453178961464 -1.8603318606408
8.3949973304332 0.22860327195941 -1.8704741113205
8.40882201496021 0.202680964676088 -1.8787863463777
8.42258467022986 0.176773039544744 -1.88528863384501
8.43629474747687 0.15088724661893 -1.8899989301979
8.44996152501827 0.125030988567535 -1.89293315454604
8.46359414232474 0.0992113893356919 -1.8941052515253
8.47720163357361 0.073435358075638 -1.89352724305981
8.49079296095305 0.0477096492036713 -1.89120926907391
8.50437704800149 0.0220409193642802 -1.88715961712834
8.51796281328437 -0.00356421797612206 -1.881384740834
8.53155920473392 -0.0290991396278565 -1.87388926675805
8.54517523500696 -0.0545571608225708 -1.86467598937894
8.55882001825442 -0.079931483776741 -1.85374585346322
8.57250280874432 -0.105215146054651 -1.84109792302273
8.58623304184154 -0.130400968107026 -1.8267293357562
8.60002037792451 -0.155481499344512 -1.81063524157521
8.61387474991643 -0.18044896207456 -1.79280872344459
8.62780641523097 -0.205295192584372 -1.77324069831564
8.64182601308759 -0.230011578589017 -1.75191979536979
8.65594462834835 -0.254588992179551 -1.72883220809011
8.67017386328 -0.279017717296379 -1.70396151579253
8.68452591896816 -0.303287370612507 -1.67728846911948
8.69901368852952 -0.327386814531303 -1.64879073254342
8.71365086481485 -0.351304060773164 -1.61844257503297
8.7284520660164 -0.375026162729365 -1.58621449754273
8.74343298355221 -0.398539094378189 -1.55207278267279
8.75861055789079 -0.421827613057716 -1.51597894738433
8.77400318973669 -0.444875102727983 -1.47788907358216
8.78963099642111 -0.467663393469368 -1.43775298298791
8.80551612673294 -0.490172551760332 -1.39551321098248
8.82168315224344 -0.512380634414956 -1.35110371738912
8.83815956014273 -0.534263396721896 -1.30444824799201
8.854976382866 -0.555793941970304 -1.25545822493221
8.87216901522346 -0.576942294625209 -1.20402999042716
8.88977829352839 -0.597674872015705 -1.15004114546431
8.90785194883987 -0.617953817973563 -1.09334559401435
8.92638712592049 -0.637674610179682 -1.03395927593565
8.94517012815789 -0.65652479020821 -0.972606342414672
8.96406790361517 -0.674316523237871 -0.909800047666152
8.98300152262276 -0.69094200470684 -0.845901656255266
9.00192699952061 -0.706342597045576 -0.78116715059714
9.0208222528553 -0.720488753744498 -0.71578149136731
9.03967857075904 -0.733367489337175 -0.649882617992064
9.05849516933908 -0.744974802342501 -0.583577778032137
9.07727579361388 -0.755311222584563 -0.516954425423071
9.09602663459818 -0.764379275328423 -0.450087401219151
9.11475508044138 -0.772182095343291 -0.3830436262523
9.13346898963587 -0.778722716150932 -0.315885154669953
9.1521762877561 -0.784003745904075 -0.248671160384664
9.17088476292413 -0.788027257037242 -0.181459235483804
9.18960198235441 -0.790794787457235 -0.114306248795873
9.20833528216576 -0.792307393545499 -0.0472689257141358
9.22709180138813 -0.792565720494474 0.0195957468182543
9.24587854280195 -0.791570070287847 0.0862302234186418
9.26470245054881 -0.789320456136925 0.15257616863866
9.28357049900904 -0.785816636937133 0.218574262994305
9.30248979031206 -0.781058127829777 0.28416402860574
9.32146765969734 -0.77504418414323 0.349283662271091
9.34051178920279 -0.767773756363569 0.413869867253662
9.3596303310993 -0.759245413634453 0.477857676910685
9.37883204330041 -0.749457232751806 0.541180264033861
9.39812643978939 -0.738406648748469 0.60376872969958
9.41752396003391 -0.726090261936399 0.665551864686418
9.43703616251101 -0.71250359460965 0.7264558751462
9.45651725884579 -0.697765652055094 0.785925146391758
9.47579468424598 -0.682054626900918 0.843365529144778
9.4947756299119 -0.665516946367482 0.898466455304065
9.51341762902328 -0.648270304650882 0.951092756648044
9.53170843299617 -0.630408811758315 1.00121191943106
9.5496530208601 -0.612008236769033 1.04884801074175
9.56726555890369 -0.59313049407827 1.09405377690434
9.58456459811113 -0.573827159215483 1.13689440199552
9.60157030771478 -0.554142088315875 1.17743844611788
9.618302951822 -0.534113312163789 1.21575306298518
9.63478210543881 -0.513774383522536 1.25190169165709
9.65102629846582 -0.493155330079358 1.28594313092613
9.66705289920213 -0.472283330936794 1.31793135239406
9.68287812557442 -0.451183202989388 1.34791568154949
9.69851711923884 -0.429877758132106 1.37594113953571
9.71398404596531 -0.408388073231995 1.40204883408197
9.72929220246205 -0.386733701169834 1.42627634305708
9.7444541195413 -0.364932841789183 1.44865806486138
9.75948165706204 -0.343002485157664 1.46922552647738
9.77438608912778 -0.320958535254994 1.48800764848744
9.78917817960509 -0.298815919384939 1.50503097031201
9.8038682487871 -0.276588686783528 1.52031984040532
9.81846623232502 -0.254290098728887 1.53389657636074
9.83298173360641 -0.231932711720509 1.54578159949268
9.84742407069583 -0.209528454834773 1.55599354783938
9.86180231884086 -0.187088702078299 1.56454937085758
9.87612534942181 -0.164624340385738 1.57146440844524
9.89040186610555 -0.142145833801852 1.57675245636826
9.90464043886138 -0.119663284322867 1.58042581968791
9.91884953641278 -0.0971864898326588 1.58249535538288
9.93303755763394 -0.0747249995453354 1.58297050502073
9.94721286235192 -0.0522881673515787 1.58185931804531
9.96138380198443 -0.0298852034581804 1.57916846599584
9.97555875042729 -0.00752522470710754 1.5749032477479
9.98974613560417 0.0147826960386579 1.5690675856543
10 0.0308471949245522 1.56388122754624
