0 1
0.015707963267949 1
0.0314159265358979 1
0.0471238898038469 1
0.0628318530717959 1
0.0785398163397448 1
0.0942477796076938 1
0.109955742875643 1
0.125663706143592 1
0.141371669411541 1
0.15707963267949 1
0.172787595947439 1
0.188495559215388 1
0.204203522483337 1
0.219911485751285 1
0.235619449019234 1
0.251327412287183 1
0.267035375555132 1
0.282743338823081 1
0.29845130209103 1
0.314159265358979 1
0.329867228626928 1
0.345575191894877 1
0.361283155162826 1
0.376991118430775 1
0.392699081698724 1
0.408407044966673 1
0.424115008234622 1
0.439822971502571 1
0.45553093477052 1
0.471238898038469 1
0.486946861306418 1
0.502654824574367 1
0.518362787842316 1
0.534070751110265 1
0.549778714378214 1
0.565486677646163 1
0.581194640914112 1
0.596902604182061 1
0.61261056745001 1
0.628318530717959 1
0.644026493985908 1
0.659734457253857 1
0.675442420521806 1
0.691150383789755 1
0.706858347057704 1
0.722566310325653 1
0.738274273593602 1
0.753982236861551 1
0.7696902001295 1
0.785398163397449 1
0.801106126665398 1
0.816814089933347 1
0.832522053201296 1
0.848230016469245 1
0.863937979737194 1
0.879645943005143 1
0.895353906273092 1
0.911061869541041 1
0.92676983280899 1
0.942477796076939 1
0.958185759344888 1
0.973893722612837 1
0.989601685880786 1
1.00530964914873 1
1.02101761241668 1
1.03672557568463 1
1.05243353895258 1
1.06814150222053 1
1.08384946548848 1
1.09955742875643 1
1.11526539202438 1
1.13097335529233 1
1.14668131856027 1
1.16238928182822 1
1.17809724509617 1
1.19380520836412 1
1.20951317163207 1
1.22522113490002 1
1.24092909816797 1
1.25663706143592 1
1.27234502470387 1
1.28805298797181 1
1.30376095123976 1
1.31946891450771 1
1.33517687777566 1
1.35088484104361 1
1.36659280431156 1
1.38230076757951 1
1.39800873084746 1
1.41371669411541 1
1.42942465738335 1
1.4451326206513 1
1.46084058391925 1
1.4765485471872 1
1.49225651045515 1
1.5079644737231 1
1.52367243699105 1
1.539380400259 1
1.55508836352695 1
1.57079632679489 1
1.58650429006284 1
1.60221225333079 1
1.61792021659874 1
1.63362817986669 1
1.64933614313464 1
1.66504410640259 1
1.68075206967054 1
1.69646003293849 1
1.71216799620643 1
1.72787595947438 1
1.74358392274233 1
1.75929188601028 1
1.77499984927823 1
1.79070781254618 1
1.80641577581413 1
1.82212373908208 1
1.83783170235003 1
1.85353966561797 1
1.86924762888592 1
1.88495559215387 1
1.90066355542182 1
1.91637151868977 1
1.93207948195772 1
1.94778744522567 1
1.96349540849362 1
1.97920337176157 1
1.99491133502951 1
2.01061929829746 1
2.02632726156541 1
2.04203522483336 1
2.05774318810131 1
2.07345115136926 1
2.08915911463721 1
2.10486707790516 1
2.12057504117311 1
2.13628300444105 1
2.151990967709 1
2.16769893097695 1
2.1834068942449 1
2.19911485751285 1
2.2148228207808 1
2.23053078404875 1
2.2462387473167 1
2.26194671058464 1
2.27765467385259 1
2.29336263712054 1
2.30907060038849 1
2.32477856365644 1
2.34048652692439 1
2.35619449019234 1
2.37190245346029 1
2.38761041672824 1
2.40331837999618 1
2.41902634326413 1
2.43473430653208 1
2.45044226980003 1
2.46615023306798 1
2.48185819633593 1
2.49756615960388 1
2.51327412287183 1
2.52898208613978 1
2.54469004940772 1
2.56039801267567 1
2.57610597594362 1
2.59181393921157 1
2.60752190247952 1
2.62322986574747 1
2.63893782901542 1
2.65464579228337 1
2.67035375555132 1
2.68606171881926 1
2.70176968208721 1
2.71747764535516 1
2.73318560862311 1
2.74889357189106 1
2.76460153515901 1
2.78030949842696 1
2.79601746169491 1
2.81172542496286 1
2.8274333882308 1
2.84314135149875 1
2.8588493147667 1
2.87455727803465 1
2.8902652413026 1
2.90597320457055 1
2.9216811678385 1
2.93738913110645 1
2.9530970943744 1
2.96880505764234 1
2.98451302091029 1
3.00022098417824 1
3.01592894744619 1
3.03163691071414 1
3.04734487398209 1
3.06305283725004 1
3.07876080051799 1
3.09446876378594 1
3.11017672705388 1
3.12588469032183 1
3.14159265358978 1
3.15730061685773 1
3.17300858012568 1
3.18871654339363 1
3.20442450666158 1
3.22013246992953 1
3.23584043319748 1
3.25154839646542 1
3.26725635973337 1
3.28296432300132 1
3.29867228626927 1
3.31438024953722 1
3.33008821280517 1
3.34579617607312 1
3.36150413934107 1
3.37721210260902 1
3.39292006587696 1
3.40862802914491 1
3.42433599241286 1
3.44004395568081 1
3.45575191894876 1
3.47145988221671 1
3.48716784548466 1
3.50287580875261 1
3.51858377202056 1
3.5342917352885 1
3.54999969855645 1
3.5657076618244 1
3.58141562509235 1
3.5971235883603 1
3.61283155162825 1
3.6285395148962 1
3.64424747816415 1
3.65995544143209 1
3.67566340470004 1
3.69137136796799 1
3.70707933123594 1
3.72278729450389 1
3.73849525777184 1
3.75420322103979 1
3.76991118430774 1
3.78561914757569 1
3.80132711084363 1
3.81703507411158 1
3.83274303737953 1
3.84845100064748 1
3.86415896391543 1
3.87986692718338 1
3.89557489045133 1
3.91128285371928 1
3.92699081698723 1
3.94269878025517 1
3.95840674352312 1
3.97411470679107 1
3.98982267005902 1
4.00553063332697 1
4.02123859659492 1
4.03694655986287 1
4.05265452313082 1
4.06836248639877 1
4.08407044966672 1
4.09977841293466 1
4.11548637620261 1
4.13119433947056 1
4.14690230273851 1
4.16261026600646 1
4.17831822927441 1
4.19402619254236 1
4.20973415581031 1
4.22544211907825 1
4.2411500823462 1
4.25685804561415 1
4.2725660088821 1
4.28827397215005 1
4.303981935418 1
4.31968989868595 1
4.3353978619539 1
4.35110582522185 1
4.36681378848979 1
4.38252175175774 1
4.39822971502569 1
4.41393767829364 1
4.42964564156159 1
4.44535360482954 1
4.46106156809749 1
4.47676953136544 1
4.49247749463339 1
4.50818545790133 1
4.52389342116928 1
4.53960138443723 1
4.55530934770518 1
4.57101731097313 1
4.58672527424108 1
4.60243323750903 1
4.61814120077698 1
4.63384916404493 1
4.64955712731287 1
4.66526509058082 1
4.68097305384877 1
4.69668101711672 1
4.71238898038467 1
4.72809694365262 1
4.74380490692057 1
4.75951287018852 1
4.77522083345647 1
4.79092879672441 1
4.80663675999236 1
4.82234472326031 1
4.83805268652826 1
4.85376064979621 1
4.86946861306416 1
4.88517657633211 1
4.90088453960006 1
4.91659250286801 1
4.93230046613595 1
4.9480084294039 1
4.96371639267185 1
4.9794243559398 1
4.99513231920775 1
5.0108402824757 1
5.02654824574365 1
5.0422562090116 1
5.05796417227955 1
5.07367213554749 1
5.08938009881544 1
5.10508806208339 1
5.12079602535134 1
5.13650398861929 1
5.15221195188724 1
5.16791991515519 1
5.18362787842314 1
5.19933584169109 1
5.21504380495903 1
5.23075176822698 1
5.24645973149493 1
5.26216769476288 1
5.27787565803083 1
5.29358362129878 1
5.30929158456673 1
5.32499954783468 1
5.34070751110263 1
5.35641547437057 1
5.37212343763852 1
5.38783140090647 1
5.40353936417442 1
5.41924732744237 1
5.43495529071032 1
5.45066325397827 1
5.46637121724622 1
5.48207918051417 1
5.49778714378211 1
5.51349510705006 1
5.52920307031801 1
5.54491103358596 1
5.56061899685391 1
5.57632696012186 1
5.59203492338981 1
5.60774288665776 1
5.6234508499257 1
5.63915881319365 1
5.6548667764616 1
5.67057473972955 1
5.6862827029975 1
5.70199066626545 1
5.7176986295334 1
5.73340659280135 1
5.7491145560693 1
5.76482251933724 1
5.78053048260519 1
5.79623844587314 1
5.81194640914109 1
5.82765437240904 1
5.84336233567699 1
5.85907029894494 1
5.87477826221289 1
5.89048622548084 1
5.90619418874878 1
5.92190215201673 1
5.93761011528468 1
5.95331807855263 1
5.96902604182058 1
5.98473400508853 1
6.00044196835648 1
6.01614993162443 1
6.03185789489238 1
6.04756585816032 1
6.06327382142827 1
6.07898178469622 1
6.09468974796417 1
6.11039771123212 1
6.12610567450007 1
6.14181363776802 1
6.15752160103597 1
6.17322956430392 1
6.18893752757186 1
6.20464549083981 1
6.22035345410776 1
6.23606141737571 1
6.25176938064366 1
6.26747734391161 1
