0 3.04 
0.01 3.039848 
0.0261753603507442 3.03895859266079 
0.048021223823359 3.03649523131298 
0.0743788794201808 3.03159392520475 
0.104015172825579 3.02356713801814 
0.135901616808433 3.01196455560302 
0.169278384617128 2.99653842457003 
0.203621707396036 2.97718003394577 
0.238585730525107 2.95386346447744 
0.273948691443495 2.92660664359715 
0.309571711658674 2.89544790626646 
0.345369902317525 2.86043329846872 
0.381293047335295 2.82161038831461 
0.41731304827661 2.77902566024585 
0.453415909994315 2.73272370816183 
0.489596691527092 2.68274722392041 
0.52585636305739 2.62913725388529 
0.562199878208357 2.57193346581859 
0.598635019742883 2.51117431165411 
0.635171739788291 2.4468970423094 
0.671821820929613 2.37913756142961 
0.708598752015708 2.30793011450682 
0.74551775600318 2.23330680827954 
0.782595935698771 2.15529694770551 
0.819852522833167 2.07392616615078 
0.857309230530965 1.98921530894223 
0.894990721811528 1.90117900992899 
0.932925219608418 1.80982387271215 
0.970971498056828 1.71558264787238 
1.00899310518652 1.61892066283211 
1.04691209458969 1.5201877535574 
1.08468740523853 1.41965472538548 
1.1223007216735 1.31753925066648 
1.15974742396912 1.21402376853663 
1.19703089214262 1.10926761998007 
1.23415897574121 1.00341515556981 
1.27114184052193 0.89660108848494 
1.30799068092699 0.788953991437852 
1.34471697133785 0.680598557011315 
1.38133204913035 0.57165704140269 
1.41784689964187 0.462250172867208 
1.4542720621816 0.352497711514145 
1.49061760715764 0.242518783408536 
1.52689315380695 0.132432069493664 
1.56310791012622 0.0223559018104963 
1.59927072411675 -0.0875916989068762 
1.63539014009146 -0.19729302217628 
1.67147445663427 -0.306630688943978 
1.70753178453173 -0.41548768569046 
1.74357010404552 -0.52374740536339 
1.77959732152883 -0.631293691059986 
1.81562132577847 -0.738010879641366 
1.85165004476294 -0.84378384322414 
1.88769150354133 -0.948498026930537 
1.92375388433129 -1.0520394814961 
1.9598455898263 -1.15429488939985 
1.99597531102333 -1.25515158313538 
2.0321521010211 -1.35449755410236 
2.06838545650316 -1.45222145037346 
2.10468540895 -1.54821256127712 
2.14106262805505 -1.64236078631828 
2.1775285403845 -1.734556585412 
2.21409546706551 -1.82469090669311 
2.25077678527478 -1.91265508723421 
2.2875871196199 -1.99834072077954 
2.32454257128652 -2.08163948497445 
2.36166099525385 -2.16244291838272 
2.39896233923445 -2.24064213460715 
2.43646906268942 -2.31612745672195 
2.47420666094281 -2.38878794947086 
2.51220432906713 -2.45851081848634 
2.55026768531931 -2.5247941093182 
2.58827904778813 -2.58733509186809 
2.62617244100248 -2.64595970181424 
2.66391428244994 -2.7005719231989 
2.7014908354719 -2.7511220499439 
2.73890021910252 -2.79758725772799 
2.77614740149231 -2.83995996764853 
2.8132411103621 -2.87824103665861 
2.85019195847134 -2.91243588603472 
2.88701133067912 -2.94255238891275 
2.92371074352865 -2.96859979215945 
2.9603014948632 -2.99058823278827 
2.99679448921452 -3.0085285853136 
3.03320016799479 -3.02243248412319 
3.06952850079855 -3.03231243008851 
3.10578901120395 -3.0381819296223 
3.14199082110416 -3.04005563745388 
3.1781427041897 -3.03794948782955 
3.21425314326052 -3.03188080651556 
3.2503303885279 -3.02186840022586 
3.28638251557422 -3.00793262232679 
3.32241748255118 -2.99009541472723 
3.35844318674858 -2.96838032624229 
3.39446752100693 -2.9428125077088 
3.43049843066786 -2.91341868389396 
3.46654397191752 -2.88022710185997 
3.50261237251704 -2.84326745496862 
3.5387120960572 -2.80257078113923 
3.57485191104247 -2.75816933330422 
3.61104096631869 -2.71009641921267 
3.64728887462864 -2.65838620677524 
3.6836058064304 -2.60307348996749 
3.72000259657167 -2.54419340883754 
3.75649086701589 -2.48178111529147 
3.79308316961027 -2.41587137391299 
3.8297931539422 -2.34649808390733 
3.86663576674437 -2.27369370405807 
3.90362749122206 -2.19748855693387 
3.94078663729146 -2.1179099808772 
3.97813369734105 -2.03498128765288 
4.01569178721624 -1.94872046867567 
4.05348719938844 -1.85913857139008 
4.09149961910448 -1.76636264428631 
4.12954977324302 -1.67093755148653 
4.16753225683615 -1.57326848675772 
4.20538881081313 -1.4736639433571 
4.24309058649187 -1.37236683244952 
4.28062667432825 -1.26957627581674 
4.3179968232748 -1.16546252054065 
4.35520689204714 -1.06017697656604 
4.39226605046303 -0.953858884004569 
4.42918508745539 -0.846639692787777 
4.46597541141748 -0.738645909661112 
4.50264847928052 -0.630000928556437 
4.53921548818678 -0.520826192042177 
4.57568722589315 -0.411241915639562 
4.61207401549119 -0.301367528250745 
4.64838571485636 -0.191321929349742 
4.68463174677303 -0.0812236286914951 
4.72082114534841 0.0288091886834899 
4.75696261030963 0.138658644402642 
4.79306456445611 0.248207177699744 
4.82913521178714 0.3573375736807 
4.86518259518916 0.46593300131278 
4.90121465339253 0.573877056112999 
4.93723927740933 0.681053804132488 
4.97326436697486 0.787347824831679 
5.00929788772215 0.892644251032276 
5.04534792997395 0.996828804454096 
5.08142277017601 1.09978782548444 
5.11753093614333 1.20140829583701 
5.15368127746775 1.3015778526658 
5.18988304265713 1.4001847925203 
5.22614596486325 1.49711806326286 
5.26248035842834 1.59226724170849 
5.29889722896894 1.68552249427278 
5.33540840035737 1.77677451729539 
5.37202666280963 1.8659144529005 
5.40876594741757 1.95283377519957 
5.4456415339784 2.03742414024508 
5.48267030102948 2.11957719127958 
5.51987102981353 2.19918430830375 
5.55726477781414 2.27613628753618 
5.59487534301888 2.35032293154284 
5.63272984797048 2.42163252404511 
5.67075588291446 2.48977029656391 
5.70879267707052 2.5543243975314 
5.74674671532094 2.61505321053438 
5.78456719295069 2.67181985097662 
5.82222982728806 2.72455039575903 
5.85972643320851 2.77320796379595 
5.89705832965628 2.81777699136282 
5.93423223308732 2.85825389841555 
5.97125773926434 2.89464168424911 
6.00814580709727 2.92694689888228 
6.04490786805079 2.95517802694302 
6.08155532211738 2.97934469518256 
6.11809926998371 2.99945734805976 
6.15455038753326 3.01552717937595 
6.19091888457739 3.02756619529254 
6.22721451217731 3.03558733668098 
6.26344659696307 3.03960462010467 
6.29962408958505 3.03963327517192 
6.33575561982848 3.03568986666384 
6.37184955423535 3.0277923958637 
6.40791405410039 3.01596037878893 
6.4439571329348 3.00021490069275 
6.47998671323394 2.98057864693308 
6.51601068283729 2.95707591049993 
6.55203695145354 2.92973257637475 
6.58807350811549 2.8985760825927 
6.62412848048023 2.86363535745482 
6.66021019702936 2.82494073181835 
6.69632725337825 2.78252382478056 
6.73248858408845 2.7364174003496 
6.76870354161329 2.68665519183213 
6.80498198431085 2.63327168961787 
6.8413343758559 2.57630188673909 
6.87777189890215 2.51578097494156 
6.91430658653063 2.45174398190002 
6.95095147592561 2.38422533747677 
6.98772078992709 2.31325835331884 
7.02463015373305 2.23887459527736 
7.06169685623256 2.16110312162063 
7.09894016848706 2.07996955107624 
7.13638173610914 1.99549491229555 
7.1740460682744 1.90769420873581 
7.21196115471083 1.81657460763901 
7.2500022091477 1.72252683223074 
7.28802700544573 1.62602719231271 
7.32595390646475 1.52743311674985 
7.36373954293886 1.427020556138 
7.4013641857822 1.32501061732495 
7.43882236987182 1.22158800471462 
7.4761169858176 1.11691353839057 
7.51325561327054 1.01113252610845 
7.55024828134818 0.904380295452963 
7.58710612707517 0.796785810669889 
7.6238406131099 0.688474012480659 
7.6604630902079 0.579567314094796 
7.69698456969377 0.470186543798266 
7.73341562200596 0.360451526920533 
7.76976634945633 0.250481434246645 
7.8060464014812 0.140394980116946 
7.84226501322798 0.0303105244855464 
7.87843105612329 -0.0796538858096412 
7.91455309388319 -0.189380513718742 
7.95063944037885 -0.298751951791536 
7.98669821757049 -0.407651155510039 
8.02273741281283 -0.515961483838323 
8.05876493549515 -0.623566742784941 
8.09478867338325 -0.730351229082155 
8.13081654928705 -0.836199771880535 
8.16685657885651 -0.940997770814448 
8.2029169304536 -1.04463122902574 
8.23900598818915 -1.14698677980892 
8.27513241937291 -1.24795170550216 
8.31130524782062 -1.34741394711633 
8.34753393471136 -1.44526210297593 
8.38382846901236 -1.54138541433827 
8.42019946991069 -1.63567373554732 
8.45665830424509 -1.72801748574183 
8.49321722266113 -1.81830757843906 
8.52988951917987 -1.90643532440283 
8.56668972016267 -1.99229230200442 
8.60363381039661 -2.07577018769073 
8.6407395063991 -2.15676053703408 
8.67802659031479 -2.23515450392836 
8.71551732235712 -2.31084248148606 
8.75323695624773 -2.38371364257874 
8.79121439149426 -2.45365534997727 
8.82927194377174 -2.52019328583097 
8.8672860579363 -2.58301004758692 
8.90518701657457 -2.64192252467192 
8.94293890039086 -2.69682924097444 
8.98052654178674 -2.74767725793241 
9.01794720322199 -2.79444187390398 
9.05520535545051 -2.83711444095155 
9.09230945039695 -2.87569521872457 
9.12926995966085 -2.91018929900448 
9.16609820712394 -2.94060437154921 
9.20280569474181 -2.96694957458453 
9.23940373138894 -2.98923497026691 
9.27590324562519 -3.00747136927676 
9.31231470832912 -3.02167034117051 
9.348648119562 -3.03184431521633 
9.38491303183553 -3.03800671723835 
9.42111859305561 -3.04017211215537 
9.45727359929301 -3.03835633599971 
9.49338655176921 -3.03257660926851 
9.52946571503969 -3.02285162793991 
9.56551917493401 -3.00920163085454 
9.60155489576661 -2.99164844329992 
9.63758077691016 -2.97021549706142 
9.67360470917897 -2.9449278272206 
9.70963463169921 -2.915812045761 
9.74567859010856 -2.88289629167329 
9.78174479706745 -2.84621015678047 
9.81784169620735 -2.80578458594083 
9.85397803080688 -2.76165174962531 
9.89016291869267 -2.71384488608283 
9.92640593512642 -2.66239810936325 
9.96271720578392 -2.6073461783108 
9.99910751238101 -2.54872422019338 
10 -2.54724406023285 
