-0.97000436 0.24308753 0 0 0.97000436 -0.24308753
-0.965281697878015 0.247395994329504 -0.0093240737 -0.0086473146 0.974605771578015 -0.238748679729504
-0.958039471468083 0.253736139771141 -0.0231807611832618 -0.0214850781517965 0.981220232651344 -0.232251061619345
-0.948365662578818 0.261736593776356 -0.0409440716160104 -0.0378851024271364 0.989309734194829 -0.22385149134922
-0.936509854609568 0.270873663575382 -0.0617045722918912 -0.0569098725258466 0.99821442690146 -0.213963791049535
-0.922766173518486 0.280632276499947 -0.0845893784262252 -0.0776172943859003 1.00735555194471 -0.203014982114047
-0.907425043400802 0.290572001088334 -0.108879094422379 -0.0991901477428464 1.01630413782318 -0.191381853345487
-0.890759072801063 0.300341417687214 -0.134018429808041 -0.120968647561481 1.0247775026091 -0.179372770125733
-0.873141606641621 0.309612057226497 -0.15941910375016 -0.142302342805664 1.03256071039178 -0.167309714420833
-0.855038203564395 0.318104786193498 -0.184472298318868 -0.162593178647215 1.03951050188326 -0.155511607546283
-0.836760107120752 0.325699952892515 -0.208861396529763 -0.181557809606823 1.04562150365051 -0.144142143285692
-0.81848850290809 0.332377668192738 -0.232469265571271 -0.199119586450721 1.05095776847936 -0.133258081742017
-0.800307916419103 0.338170645808081 -0.255301134250826 -0.215319494484315 1.05560905066993 -0.122851151323766
-0.782236631790841 0.343133088679472 -0.277430608552203 -0.230255382734316 1.05966724034304 -0.112877705945156
-0.764249584284779 0.347322531003258 -0.298966048252665 -0.244045411017169 1.06321563253744 -0.10327711998609
-0.746293389291803 0.350790232893282 -0.320031842283661 -0.256808319918742 1.06632523157546 -0.09398191297454
-0.72829475736327 0.35357647570624 -0.340759683500095 -0.268654062000128 1.06905444086337 -0.0849224137061128
-0.710163675296738 0.355708227262201 -0.361286435881589 -0.279680285309285 1.07145011117833 -0.0760279419529168
-0.691792197840214 0.35719750805576 -0.381756711042356 -0.289971878860967 1.07354890888257 -0.0672256291947929
-0.673048802979151 0.358039241191909 -0.40232968523991 -0.299601998895855 1.07537848821906 -0.0584372422960539
-0.653766892998349 0.358207362189964 -0.423191280000014 -0.308633774691272 1.07695817299836 -0.0495735874986919
-0.633623764199241 0.357642709474673 -0.444681017470336 -0.317162424631171 1.07830478166958 -0.0404802848435024
-0.611901740272926 0.356201721606151 -0.46753089602183 -0.325365335744433 1.07943263629476 -0.0308363858617179
-0.588045448437449 0.353640491572492 -0.492261914864575 -0.333234892596226 1.08030736330202 -0.0204055989762655
-0.562972752832343 0.349859450842951 -0.517865335208601 -0.340272800062391 1.08083808804095 -0.00958665078056014
-0.537267925879352 0.34483741193855 -0.543718266751374 -0.346228214690946 1.08098619263073 0.00139080275239489
-0.51122162908315 0.33857619093231 -0.569517219472369 -0.351009909723429 1.08073884855552 0.0124337187911186
-0.484991472539797 0.331086250899217 -0.5950993708358 -0.354594877054234 1.0800908433756 0.0235086261550173
-0.458618386020368 0.322363356180382 -0.620416686572718 -0.356994449607096 1.07903507259309 0.0346310934267134
-0.432001118855965 0.312352801253396 -0.645550939235557 -0.358228179232591 1.07755205809152 0.0458753779791951
-0.405478373687805 0.30117670660138 -0.670166658506818 -0.35830480042629 1.07564503219462 0.0571280938249106
-0.380448220822473 0.289535479400965 -0.692988260621789 -0.357351829813311 1.07343648144426 0.0678163504123455
-0.356967315326761 0.277654941560419 -0.714019311523103 -0.355577035196246 1.07098662684987 0.0779220936358268
-0.334796462485469 0.265591124566852 -0.733523922300143 -0.353138810272362 1.06832038478561 0.0875476857055102
-0.313632436231656 0.253316321726262 -0.751805862507596 -0.350138145065411 1.06543829873925 0.0968218233391485
-0.293193214840907 0.240767639252657 -0.769132454917837 -0.346632541548471 1.06232566975875 0.105864902295814
-0.27323959085954 0.227870127628702 -0.785718392248695 -0.342650226856445 1.05895798310824 0.114780099227743
-0.253573423432544 0.214546262585099 -0.801730089524137 -0.338200171247459 1.05530351295668 0.12365390866236
-0.234029021556633 0.200718818551866 -0.817295112937967 -0.333278285331069 1.0513241344946 0.132559466779203
-0.214463645319638 0.186310736818477 -0.832511364790971 -0.327870951668502 1.04697501011061 0.141560214850025
-0.194748921651403 0.171243691690951 -0.847454570402033 -0.321956828769159 1.04220349205344 0.150713137078209
-0.17476340815288 0.155436105080187 -0.862183955262391 -0.315507534224041 1.03694736341527 0.160071429143854
-0.154385995400692 0.138800898371832 -0.876746391885138 -0.308487555558972 1.03113238728583 0.169686657187139
-0.133489659239765 0.121243048005098 -0.891179350447065 -0.300853559040298 1.02466900968683 0.179610511035199
-0.111934995927994 0.102656901478753 -0.905512935433699 -0.292553140440264 1.01744793136169 0.189896238961511
-0.0895628805144734 0.0829231526956649 -0.919771213245647 -0.283522959573724 1.00933409376012 0.200599806878059
-0.0661854166186705 0.0619053422330085 -0.933972957216899 -0.273686097167306 1.00015837383557 0.211780754934297
-0.0419787467376384 0.0398178578650621 -0.947905677193246 -0.263128126894541 0.989884423930886 0.223310269029478
-0.0170691599703154 0.0168664874164829 -0.961404702762542 -0.251935242516981 0.978473862732859 0.235068755100497
0.00844111425184924 -0.00673465500236806 -0.974337345874845 -0.240199772217395 0.965896231622997 0.246934427219763
0.034449879975827 -0.0307478218423649 -0.986591885994335 -0.228026272756202 0.952142006018509 0.258774094598567
0.060841614079572 -0.0549080029717403 -0.998074953362002 -0.215533066572759 0.937233339282431 0.270441069544499
0.0874840849607223 -0.0789311727582244 -1.00871414497675 -0.202848665791029 0.921230060016024 0.281779838549254
0.114233729685273 -0.102532217775857 -1.01846252539005 -0.190103719465541 0.904228795704778 0.292635937241398
0.140947308498485 -0.125447647788529 -1.02730195660831 -0.177420457382231 0.886354648109825 0.30286810517076
0.167226006207042 -0.147236530156408 -1.03516655326199 -0.165029353628749 0.867940547054953 0.312265883785156
0.192691288112393 -0.167545240198108 -1.04204453167298 -0.153132702962652 0.849353243560591 0.32067794316076
0.21720420752362 -0.186275213893495 -1.04801468464515 -0.141802917571572 0.830810477121536 0.328078131465067
0.240771348765847 -0.203473472605559 -1.05318885137371 -0.131033435901076 0.812417502607861 0.334506908506635
0.263478409367188 -0.219256729687953 -1.05768112608235 -0.120775514636739 0.794202716715167 0.340032244324691
0.285448847549446 -0.23376576447834 -1.06159418764612 -0.110961181363706 0.776145340096674 0.344726945842045
0.306820853922438 -0.247141087908218 -1.06501491196673 -0.101515904970996 0.758194058044298 0.348656992879213
0.327736363255856 -0.259511670114875 -1.06801435262075 -0.0923645700407906 0.740277989364891 0.351876240155665
0.348337618071796 -0.270990937351525 -1.07064941493104 -0.0834333607656226 0.722311796859244 0.354424298117147
0.368768599484791 -0.281676469577296 -1.07296490625412 -0.0746491274136409 0.704196306769328 0.356325596990936
0.389180143339469 -0.291651389903782 -1.07499536397544 -0.0659369698024324 0.685815220635976 0.357588359706213
0.409738917908898 -0.300986412368543 -1.07676639218259 -0.0572160646418004 0.667027474273697 0.358202477010343
0.430642120079326 -0.309742105301283 -1.07829533271641 -0.0483929608237409 0.647653212637082 0.358135066125024
0.452386650348898 -0.318060178005304 -1.07960409816618 -0.0392478131019642 0.627217447817279 0.357307991107268
0.475721824790155 -0.326087606423767 -1.08069711637644 -0.0294535231045595 0.604975291586291 0.355541129528326
0.500627916790633 -0.333624636886148 -1.08151430936317 -0.0189992578435074 0.580886392572537 0.352623894729655
0.526206381283721 -0.340252207397041 -1.08198088612729 -0.00823333715602243 0.555774504843567 0.348485544553063
0.551930661753112 -0.345773395436575 -1.08206701135333 0.00265660781923654 0.530136349600215 0.343116787617338
0.577565898919524 -0.350124896772255 -1.08176255190198 0.0136067208542221 0.504196652982455 0.336518175918032
0.602962819686527 -0.353291304882844 -1.08106241776201 0.0245890511724855 0.478099598075485 0.328702253710357
0.628113550046463 -0.355288695265866 -1.07995720485373 0.035636375686732 0.451843654807271 0.319652319579134
0.653123007187739 -0.356131786140423 -1.07842329683997 0.0468338182286318 0.425300289652231 0.309297967911791
0.677081833040371 -0.355847855477069 -1.07651223119786 0.0578033690148259 0.399430398157493 0.298044486462242
0.699267747670421 -0.354608697590845 -1.07431952279082 0.0682137710997734 0.375051775120403 0.286394926491071
0.719763479633205 -0.352605953731153 -1.07189436015376 0.0780832081740897 0.35213088052056 0.274522745557062
0.738839842421354 -0.349978308037417 -1.06925478830084 0.0875190914013227 0.33041494587949 0.262459216636094
0.756784159935383 -0.34681186110415 -1.06639775482119 0.0966445355080136 0.30961359488581 0.250167325596135
0.773843866147878 -0.34315425268256 -1.06330684169285 0.105572290570868 0.289462975544973 0.237581962111691
0.790216514193038 -0.339027387308227 -1.05995671391431 0.114398719648411 0.269740199721274 0.224628667659814
0.806055272018338 -0.334436107525529 -1.0563151619264 0.123205016368003 0.250259889908067 0.211231091157525
0.821477913003796 -0.32937347226063 -1.05234360876201 0.132060464320499 0.230865695758218 0.197313007940131
0.836575229533557 -0.32382371023818 -1.04799662532048 0.141025845925996 0.211421395786922 0.182797864312183
0.851417808458112 -0.317763665128261 -1.04322072152484 0.150156423952303 0.191802913066734 0.167607241175957
0.866061147094593 -0.311163248461565 -1.03795249160814 0.159504404616675 0.171891344513548 0.151658843844889
0.880549382861979 -0.303985189533607 -1.03211605533332 0.169120947932253 0.151566672471341 0.134864241601353
0.894917939816713 -0.296184214082861 -1.02561961789917 0.179057821006357 0.130701678082462 0.117126393076503
0.909195342193995 -0.287705668851695 -1.01835083851528 0.189368770477036 0.109155496321284 0.0983368983746586
0.923404372316709 -0.278483511424585 -1.01017051859376 0.200110645535049 0.0867661462770491 0.0783728658895355
0.937541006573642 -0.268453588770212 -1.00091898796438 0.211326585427874 0.0633779813907434 0.057127003342337
0.951393914642916 -0.257704311973992 -0.990559557454362 0.222886738403027 0.0391656428114469 0.034817573570964
0.964802447162863 -0.246321790540125 -0.979051274589422 0.234672755479887 0.01424882742656 0.0116490350602366
0.977635900579579 -0.234399136224323 -0.966362279460926 0.246562395795372 -0.0112736211186526 -0.012163259571049
0.989783595091427 -0.222042330711858 -0.952482801776026 0.258420937247517 -0.0373007933153996 -0.0363786065356594
1.00115304732981 -0.209371364792703 -0.937435740540383 0.27009971925407 -0.0637173067894253 -0.0607283544613672
1.01167305480966 -0.196516175817768 -0.921282290273807 0.281441414207494 -0.0903907645358477 -0.0849252383897268
1.02129833945914 -0.183608147893582 -0.904120516110017 0.292290362195507 -0.117177823349122 -0.108682214301925
1.0300127387021 -0.170769283188855 -0.88607643741592 0.302504929188882 -0.143936301286175 -0.131735646000027
1.03773555502321 -0.158261105749736 -0.867531589437969 0.311853072217189 -0.170203965585241 -0.153591966467454
1.0405492461311 -0.153391700419982 -0.860047344127169 0.3153150048305 -0.180501902003924 -0.161923304410519
