0 1
0.05 0.975020941569471
0.1 0.950125084851759
0.15 0.925374495721698
0.2 0.900830667099867
0.25 0.876554340934864
0.3 0.852605455169009
0.35 0.829043056123145
0.4 0.805925196543964
0.45 0.783308818581449
0.5 0.761249629529626
0.55 0.739801973904019
0.6 0.7190187046735
0.65 0.698951055454959
0.7 0.679648515010022
0.75 0.661158704819918
0.8 0.643527261068326
0.85 0.626797719506327
0.9 0.611011410973496
0.95 0.596207348080251
1 0.5824222263855
1.05 0.569690472772203
1.1 0.558043708929308
1.15 0.54751078010701
1.2 0.538117731075494
1.25 0.529887754833554
1.3 0.522841155225232
1.35 0.516995304910904
1.4 0.512364608949867
1.45 0.508960472306849
1.5 0.506791273097296
1.55 0.505862342176692
1.6 0.506175949740272
1.65 0.507731299340023
1.7 0.510524529577052
1.75 0.514548723600468
1.8 0.519793926457146
1.85 0.526247170276891
1.9 0.533892507237609
1.95 0.542711050228894
2 0.55268102111639
2.05 0.563777806506556
2.1 0.575974020823755
2.15 0.589239576174348
2.2 0.603541759277444
2.25 0.618845314686388
2.3 0.635112536432519
2.35 0.652303348780491
2.4 0.67037517812154
2.45 0.689283125594446
2.5 0.708980366886115
2.55 0.729418177202593
2.6 0.750546067428991
2.65 0.772311906706563
2.7 0.794662042257851
2.75 0.817541426205323
2.8 0.840893746855012
2.85 0.864661564923066
2.9 0.888786453375784
2.95 0.913209140344928
3 0.937869654468201
3.05 0.962707472123205
3.1 0.987661666049111
3.15 1.01267105488503
3.2 1.03767435317883
3.25 1.0626103214418
3.3 1.08741791584318
3.35 1.11203643715356
3.4 1.13640567856003
3.45 1.16046607198678
3.5 1.18415883256538
3.55 1.20742610090789
3.6 1.23021108284411
3.65 1.25245818629107
3.69999999999999 1.27411315492945
3.74999999999999 1.29512319840846
3.79999999999999 1.31543711878902
3.84999999999999 1.33500543291222
3.89999999999999 1.35378049046076
3.94999999999999 1.37171658744484
3.99999999999999 1.38877007488095
4.04999999999999 1.40489946219422
4.09999999999999 1.42006551534237
4.14999999999999 1.43423134709562
4.19999999999999 1.44736250122767
4.24999999999999 1.45942702775841
4.29999999999999 1.47039556857421
4.34999999999999 1.48024148790561
4.39999999999999 1.4889407186958
4.44999999999999 1.49647175704378
4.49999999999999 1.50281612260831
4.54999999999999 1.5079583275207
4.59999999999999 1.51188577173888
4.64999999999999 1.51458886592817
4.69999999999999 1.51606110708488
4.74999999999999 1.51629891112704
4.79999999999999 1.51530165182256
4.84999999999999 1.51307181398309
4.89999999999999 1.50961483704579
4.94999999999999 1.50493905873818
4.99999999999999 1.49905582779577
5.04999999999999 1.49197946539759
5.09999999999999 1.48372710752511
5.14999999999999 1.47431871714713
5.19999999999999 1.46377716477908
5.24999999999999 1.4521280180866
5.29999999999999 1.43939946269899
5.34999999999999 1.42562244299291
5.39999999999999 1.41083073453605
5.44999999999999 1.39506059825971
5.49999999999999 1.37835062926197
5.54999999999999 1.36074170131963
5.59999999999999 1.34227679245172
5.64999999999999 1.32300092797012
5.69999999999999 1.30296111534024
5.74999999999999 1.28220621009179
5.79999999999999 1.26078679949409
5.84999999999999 1.23875509694492
5.89999999999999 1.21616482376866
5.94999999999999 1.19307108361075
5.99999999999999 1.16953023172055
6.04999999999999 1.14559974036978
6.09999999999999 1.12133806045178
6.14999999999999 1.09680448063301
6.19999999999999 1.07205898410904
6.24999999999999 1.04716210308465
6.29999999999999 1.02217477147567
6.34999999999999 0.997158176266135
6.39999999999999 0.972173607920948
6.44999999999999 0.947282310238741
6.49999999999998 0.922545330023154
6.54999999999998 0.898023366948514
6.59999999999998 0.873776623995636
6.64999999999998 0.849864658833794
6.69999999999998 0.826346236525187
6.74999999999998 0.80327918392774
6.79999999999998 0.780720246171043
6.84999999999998 0.758724945576741
6.89999999999998 0.737347443394588
6.94999999999998 0.716640404706298
6.99999999999998 0.696654866897654
7.04999999999998 0.677440111895357
7.09999999999998 0.659043543102467
7.14999999999998 0.641510565412582
7.19999999999998 0.624884475264504
7.24999999999998 0.609206342563962
7.29999999999998 0.594514929231617
7.34999999999998 0.580846707094605
7.39999999999998 0.568235749734672
7.44999999999998 0.556713381276421
7.49999999999998 0.546308134674433
7.54999999999998 0.537045737221773
7.59999999999998 0.528949058068582
7.64999999999998 0.522038070798417
7.69999999999998 0.516329812683597
7.74999999999998 0.51183834883515
7.79999999999998 0.508574740493863
7.84999999999998 0.506547018985514
7.89999999999998 0.505760166076542
7.94999999999998 0.506216101389784
7.99999999999998 0.507913677257609
8.04999999999998 0.51084868128262
8.09999999999998 0.515013846732842
8.14999999999998 0.520398870795033
8.19999999999998 0.526990440663607
8.24999999999998 0.534772267406355
8.29999999999998 0.543725127515321
8.34999999999998 0.553826912026163
8.39999999999998 0.56505268303299
8.44999999999999 0.577374737546928
8.49999999999999 0.590762677883435
8.54999999999999 0.605183491311142
8.59999999999999 0.620601626197457
8.64999999999999 0.636979114336284
8.69999999999999 0.654275560933988
8.74999999999999 0.672448117875034
8.79999999999999 0.691451666261103
8.84999999999999 0.711239141510408
8.89999999999999 0.731761601518071
8.94999999999999 0.752968356655694
8.99999999999999 0.774807088646847
9.04999999999999 0.797223970468288
9.09999999999999 0.820163794243486
9.15 0.843570103424309
9.2 0.867385329593137
9.25 0.891550932749174
9.3 0.916007544543382
9.35 0.940695113864809
9.4 0.965553054259043
9.45 0.990520392683475
9.5 1.01553591913299
9.55 1.04053833668915
9.6 1.06546641157217
9.65 1.09025912279023
9.7 1.11485581099458
9.75 1.13919632616361
9.8 1.16322117375068
9.85 1.18687165894069
9.90000000000001 1.21009002866999
9.95000000000001 1.23281961107362
10 1.25500495203379
10.05 1.27659194851464
10.1 1.29752797837981
10.15 1.31776202640291
10.2 1.3372448061925
10.25 1.35592887776626
10.3 1.37376876049286
10.35 1.39072104114572
10.4 1.40674447650819
10.45 1.42180009036855
10.5 1.43585126225876
10.55 1.44886380926266
10.6 1.46080608063888
10.65 1.4716490181623
10.7 1.48136628441829
10.75 1.48993412904567
10.8 1.49733131196816
10.85 1.50353972687065
10.9 1.50854420064426
10.95 1.51233244815317
11 1.51489529252791
11.05 1.5162265428641
11.1 1.51632291808076
11.15 1.51518418993929
11.2 1.51281319025996
11.25 1.5092156586514
11.3 1.50440027725644
11.35 1.49837878359203
11.4 1.49116579854063
11.45 1.4827787578842
11.5 1.47323800597307
11.55 1.46256673287843
11.6 1.45079076988168
11.65 1.43793861682657
11.7 1.42404164305274
11.75 1.40913384612325
11.8 1.39325175320036
11.85 1.37643427808532
11.9 1.35872251912672
11.95 1.34015969169548
12 1.32079107231137
12.05 1.30066389843181
12.1 1.27982723037796
12.15 1.25833185342767
12.2 1.23623016789788
12.25 1.21357606858799
12.3 1.19042481815962
12.35 1.16683291578106
12.4 1.14285796115555
12.45 1.11855851668688
12.5 1.09399396657983
12.55 1.06922437319512
12.6 1.04431033123582
12.65 1.01931282023213
12.7 0.994293055740118
12.75 0.96931233964566
12.8 0.944431909954213
12.85 0.919712790442966
12.9 0.895215640550611
12.95 0.871000605880278
13 0.847127169691534
13.0500000000001 0.823654005757651
13.1000000000001 0.800638832963635
13.1500000000001 0.778138272019783
13.2000000000001 0.756207704660821
13.2500000000001 0.734901135705444
13.3000000000001 0.714271058316854
13.3500000000001 0.694368322912296
13.4000000000001 0.675242009774484
13.4500000000001 0.65693930680154
13.5000000000001 0.639505389391146
13.5500000000001 0.62298331291174
13.6000000000001 0.607413894942099
13.6500000000001 0.59283561970641
13.7000000000001 0.579284739830155
13.7500000000001 0.566795001980531
13.8000000000001 0.555397421240784
13.8500000000001 0.545120218743701
13.9000000000001 0.535988800679142
13.9500000000001 0.528025710504701
14.0000000000001 0.521250590093296
14.0500000000001 0.515680140326691
14.1000000000001 0.511328085530478
14.1500000000001 0.508205142691703
14.2000000000001 0.506318996171934
14.2500000000001 0.505674278557564
14.3000000000001 0.506272558801565
14.3500000000001 0.508112337955629
14.4000000000001 0.511189052651112
14.4500000000001 0.515495086409637
14.5000000000001 0.521019788804035
14.5500000000001 0.527749502443784
14.6000000000001 0.535667597724045
14.6500000000001 0.544754515238978
14.7000000000001 0.554987815759179
14.7500000000001 0.566342237529999
14.8000000000001 0.578789761118564
14.8500000000001 0.592299679963908
14.9000000000001 0.606838683217821
14.9500000000001 0.622370925001932
15.0000000000001 0.638858170296394
15.0500000000001 0.656259743116895
15.1000000000001 0.674532483270028
15.1500000000001 0.693631053240328
15.2000000000001 0.713508150698991
15.2500000000001 0.734114623014507
15.3000000000001 0.755399582288351
15.3500000000001 0.777310523943891
15.4000000000001 0.799793448357307
15.4500000000001 0.822792989426848
15.5000000000001 0.846252547649235
15.5500000000001 0.870114427427648
15.6000000000001 0.894319977770007
15.6500000000001 0.918809735820617
15.7000000000001 0.943523572733414
15.7500000000001 0.968400841239907
15.8000000000001 0.993380524513952
15.8500000000001 1.01840138588566
15.9000000000001 1.04340211894053
15.9500000000001 1.06832149757334
16.0000000000001 1.09309852559089
16.0500000000001 1.11767258547489
16.1000000000001 1.14198358593057
16.1500000000001 1.16597210785757
16.2000000000001 1.18957954838983
16.2500000000001 1.21274826266046
16.3000000000001 1.2354217029574
16.3500000000001 1.25754455494514
16.4000000000001 1.27906287063896
16.4500000000001 1.2999241978292
16.5000000000001 1.32007770566494
16.5500000000001 1.33947430611636
16.6000000000001 1.3580667710382
16.6500000000001 1.37580984454585
16.7000000000001 1.39266035035334
16.7500000000001 1.40857729359981
16.8000000000001 1.42352195624946
16.8500000000001 1.43745798471629
16.9000000000001 1.45035147922888
16.9500000000001 1.46217108301864
17.0000000000001 1.47288805187765
17.0500000000001 1.48247629804491
17.1000000000001 1.49091234664874
17.1500000000001 1.49817538176582
17.2000000000001 1.50424760312401
17.2500000000001 1.50911413213186
17.3000000000001 1.51276305581489
17.3500000000001 1.51518555961131
17.4000000000001 1.51637575207808
17.4500000000001 1.51633068743886
17.5000000000001 1.51505053507332
17.5500000000001 1.51253843806508
17.6000000000001 1.50880044669003
17.6500000000001 1.50384563058805
17.7000000000001 1.49768606462907
17.7500000000001 1.49033666907225
17.8000000000001 1.48181521489235
17.8500000000001 1.47214241339266
17.9000000000001 1.4613417449827
17.9500000000001 1.44943933376796
18.0000000000001 1.43646400796504
18.0500000000001 1.42244747195371
18.1000000000001 1.40742401555544
18.1500000000001 1.39143046308692
18.2000000000001 1.37450599405875
18.2500000000001 1.3566919421067
18.3000000000001 1.33803176875208
18.3500000000001 1.31857100345098
18.4000000000001 1.29835709831322
18.4500000000001 1.27743932020049
18.5000000000001 1.25586865228861
18.5500000000001 1.23369768054305
18.6000000000001 1.21098047182754
18.6500000000001 1.18777244627268
18.7000000000001 1.16413024377719
18.7500000000001 1.14011158945126
18.8000000000001 1.11577515551889
18.8500000000001 1.0911804199172
18.9000000000001 1.06638752229473
18.9500000000001 1.04145711793215
19.0000000000001 1.01645023002641
19.0500000000001 0.991428100741345
19.1000000000001 0.966452041410101
19.1500000000001 0.941583282267741
19.2000000000001 0.916882822088893
19.2500000000001 0.892411278107892
19.3000000000001 0.868228736587919
19.3500000000001 0.844394604448544
19.4000000000001 0.820967462203051
19.4500000000001 0.798004919046021
19.5000000000001 0.775563468736759
19.5500000000001 0.753698353043187
19.6000000000001 0.73246340968237
19.6500000000001 0.711910989788761
19.7000000000001 0.69209164625394
19.7500000000001 0.673054612296781
19.8000000000001 0.654845790924516
19.8500000000001 0.637512848720141
19.9000000000001 0.621093971048332
19.9500000000001 0.605626303282185
